"BRCA" "COADREAD" "GBM" "GBMLGG" "HNSC" "KIPAN" "KIRC" "LGG" "LUAD" "LUSC" "OV" "STES" "THCA" "UCEC"
"SPEN" 0.02096 0.02534 0.9245 0.6385 0.1402 0.4057 0.4729 0.7604 0.2206 0.4437 0.7316 0.8727 NA 0.01156
"PIK3CA" 0.03828 3.365e-11 0.1296 0.2078 0.7831 0.7593 0.6072 0.2425 0.9996 0.08591 0.5392 0.7185 0.6779 0.001046
"HMCN1" 0.04163 0.1223 0.08749 0.02099 0.8043 0.09942 0.2023 0.6034 0.4932 0.5825 0.03869 0.1552 0.8874 0.001164
"TP53" 0.04259 0.07978 0.8419 6.315e-07 2.424e-05 0.7519 0.002653 0.6455 0.02844 0.7568 0.7802 0.6572 0.6051 0.5654
"TTN" 0.3884 0 0.1229 0.0001333 0.3916 0.388 0.9904 0.1213 0.5161 0.0004271 0.99 0.06769 0.2807 4.441e-16
"FAT3" 0.0008759 0 0.01949 0.007353 0.3429 0.6212 0.1906 0.552 0.2013 0.006834 0.1521 0.4565 0.9001 0.1323
"FLG" 0.7153 2.22e-16 0.5778 0.0001603 0.03745 0.2739 0.7366 2.76e-06 0.1874 0.4357 0.5411 0.07818 0.9362 0.1492
"HYDIN" 0.5838 5.551e-16 0.00984 1.823e-05 0.4486 0.7164 0.8032 NA 0.5991 0.02724 0.9335 0.3945 1 0.0008569
"CSMD1" 0.2798 2.776e-15 0.7216 0.1407 0.2574 0.5991 0.9033 NA 0.5619 0.02929 0.3072 0.9391 0.0001422 0.0008423
"USH2A" 0.4547 2.171e-12 0.5778 0.1577 0.6711 0.4491 0.5447 0.03869 0.05188 0.13 0.395 0.4972 0.6235 1.118e-05
"MUC16" 0.3737 2.895e-12 0.00188 3.441e-05 0.109 0.4742 0.1902 0.2077 0.949 0.051 0.3962 0.7696 0.4603 3.061e-05
"MAP2" 0.3846 4.836e-12 0.09852 0.01421 0.0684 0.3859 0.547 NA 0.3978 0.5664 0.3057 0.6279 1 0.02527
"LRP1B" 0.2725 2.278e-11 0.06858 0.02177 0.1264 0.9952 0.8808 0.3503 0.7676 0.9279 0.2793 0.1269 0.633 0.0002887
"SYNE1" 0.614 3.942e-11 0.7222 0.1673 0.1522 0.003011 0.01473 0.4633 0.1411 0.09502 0.3957 0.933 0.6308 2.751e-05
"RYR3" 0.3331 1.644e-10 0.7299 0.01436 0.4371 0.4851 0.6324 0.7496 0.6574 0.04896 0.1361 0.6093 1 0.002465
"ZFHX4" 0.1283 1.736e-10 0.5001 0.4165 0.7981 0.103 0.03117 0.6994 0.01464 0.7792 0.6972 0.3901 1 0.0001126
"MDN1" 0.5448 2.564e-10 0.2255 0.56 0.5915 0.877 0.9657 0.9253 0.6835 0.7372 0.6143 0.9335 0.3002 0.02239
"COL6A3" 0.84 9.828e-10 0.9757 0.09363 0.1594 0.09056 0.3497 0.001156 0.7478 0.1247 0.1329 0.7403 0.8545 0.09025
"PCLO" 0.4794 5.55e-09 0.1323 0.01682 0.4696 0.2179 0.2773 0.9364 0.692 0.1777 0.9608 0.9567 1 0.0005101
"APOB" 0.2645 1.107e-08 0.1878 0.07906 0.6652 0.7775 0.53 0.8717 0.9298 0.182 0.2568 0.9656 0.8723 0.002376
"DNAH9" 0.1241 1.355e-08 0.4471 0.9325 0.1649 0.4892 0.4997 0.8425 0.8304 0.04012 0.1935 0.8856 0.5974 0.0006889
"ZDBF2" 0.02955 2.134e-08 0.8354 0.5842 0.927 0.3444 0.5651 0.6614 0.5947 0.6726 0.3979 0.9021 1 0.01196
"KIAA1409" NA 2.14e-08 0.7701 0.4728 0.8427 0.4419 0.67 NA 0.08747 0.531 0.8565 0.7097 NA NA
"NEB" 0.308 2.401e-08 0.7587 0.4694 0.1513 0.1199 0.399 0.649 0.3177 0.9548 0.4789 0.9981 0.9231 0.0004961
"CACNA1E" 0.1779 4.47e-08 0.1188 0.7219 0.2657 0.09144 0.02055 0.0001934 0.6286 0.07069 0.8377 0.8567 0.5238 0.01311
"FAT1" 0.6516 1.149e-07 0.9314 0.2214 0.2289 0.1732 0.2985 0.1466 0.7212 0.1607 0.1346 0.3513 1 4.745e-05
"FN1" 0.3508 2.595e-07 0.9105 0.522 0.6008 0.8323 0.3609 0.8407 0.4947 0.9837 1 0.3257 1 0.1088
"DNAH3" 0.6266 7.697e-07 0.6702 0.1788 0.769 0.8427 0.5481 0.6842 0.8499 0.6658 0.81 0.9948 0.9231 0.0003055
"FBN1" 0.06647 8.449e-07 0.282 0.4692 0.7895 0.1276 0.2372 0.9046 0.9778 0.4763 0.2703 0.893 0.003518 0.08267
"TEX15" 0.2395 8.868e-07 0.0526 0.0175 0.3737 0.7624 0.9212 0.3922 0.7723 0.01525 0.9262 0.5813 0.9362 0.02022
"ODZ3" 0.3153 9.085e-07 0.2373 0.005855 0.6978 0.0007075 0.005735 NA 0.8687 0.5279 1 0.1725 NA 0.002667
"GPR98" 0.8083 1.022e-06 0.1501 0.01241 0.4775 0.6089 0.9582 0.1056 0.02939 0.1712 0.9314 0.7025 0.04793 0.009043
"PLXNA4" 0.02997 1.086e-06 0.3396 0.05593 0.9237 0.6674 0.6501 0.6905 0.7483 0.3568 0.9109 0.2163 1 0.2009
"FAT4" 0.8395 1.108e-06 0.002164 0.003832 0.3149 0.8055 0.9948 0.03936 0.4103 0.4449 0.1631 0.2151 NA 0.000383
"VPS13B" 0.924 1.769e-06 0.1554 0.1737 0.0292 0.2165 0.2846 0.5589 0.6811 0.5799 0.3937 0.1344 1 0.002608
"RYR2" 0.709 2.197e-06 0.8816 0.01632 0.5547 0.1187 0.2869 0.06277 0.4124 0.048 0.1383 0.598 0.9362 0.002668
"CENPF" 0.8195 3.979e-06 0.8841 0.5659 0.0001001 0.9484 0.8238 0.843 0.9382 0.04252 0.9648 0.8264 0.8807 0.002423
"PKHD1" 0.07641 5.902e-06 0.5147 0.003575 0.2691 0.5391 0.1844 2.638e-06 0.4464 0.01808 0.06697 0.9099 0.5084 0.01001
"SACS" 0.7398 8.332e-06 0.8294 0.1191 0.7125 0.3704 0.4448 0.0003428 0.5385 0.5948 0.7522 0.5836 0.9072 0.000286
"APC" 0.7103 1.401e-05 0.9296 0.2679 0.3263 0.003174 0.143 0.002112 0.12 0.2 0.5272 0.563 0.6723 0.002842
"ADAMTS12" 0.07183 1.69e-05 0.1385 0.3173 0.5442 0.08707 0.08339 0.4971 0.5397 0.004596 0.1332 0.8732 NA 0.1131
"OBSCN" 0.09447 1.928e-05 0.9121 0.07337 0.1866 0.2987 0.5219 0.1712 0.3564 0.1341 0.8052 0.8427 0.1835 0.003395
"ABCA13" 0.6774 2.217e-05 0.6796 0.9869 0.8455 0.133 0.9533 0.6988 0.08105 0.005403 0.2225 0.4347 NA 0.0005552
"FAT2" 0.2577 4.406e-05 0.3501 0.8752 0.2282 0.5437 0.9636 0.3918 0.06608 0.3837 0.8577 0.7309 1 0.002276
"DST" 0.6539 5.179e-05 0.6899 0.4075 0.03807 0.3963 0.2709 0.5784 0.682 0.2466 0.4026 0.1669 0.9099 7.926e-05
"ODZ1" 0.2358 7.024e-05 0.33 0.7105 0.9418 0.1175 0.2623 NA 0.6068 0.001845 0.9828 0.05916 0.6104 0.04061
"XIRP2" 0.389 0.0001115 0.7122 0.1497 0.4677 0.7916 0.8563 0.5146 0.3308 0.1736 0.747 0.5684 1 0.003978
"TECTA" 0.7803 0.0001474 0.5258 0.7189 0.259 0.1988 0.7603 NA 0.6792 0.5931 0.7936 0.01444 0.9098 0.2576
"CMYA5" 0.1587 0.000157 0.5285 0.3528 0.4773 0.4405 0.1422 0 0.8705 0.9785 0.7389 0.959 NA 0.0085
"ABCA12" 0.9384 0.0001934 0.8631 0.7457 0.5808 0.4869 0.521 0.7213 0.2922 0.9292 0.7669 0.1998 1 0.006472
"AHNAK2" 0.5371 0.0002431 0.8732 0.009857 0.17 0.4627 0.8213 3.361e-06 0.01187 0.2258 0.2957 0.1059 0.8723 0.0118
"ATM" 0.3135 0.0003752 0.835 0.3098 0.5028 0.6141 0.5 NA 0.6774 0.1281 0.01121 0.01821 0.76 0.001757
"DNAH2" 0.2673 0.000478 0.203 0.0115 0.3404 0.02142 0.1631 0.7328 0.5818 0.6561 0.253 0.01521 0.4814 0.0003398
"DNAH11" 0.05405 0.0005833 0.9986 0.3001 0.05168 0.1058 0.5093 0.203 0.6731 0.7713 0.6504 0.4188 NA 0.009899
"LRP2" 0.2871 0.0006181 0.4824 0.9017 0.8331 0.4981 0.8259 0.1489 0.8377 0.2392 0.7243 0.05365 1 4.638e-05
"DNAH5" 0.1671 0.0007555 0.1651 0.04838 0.06757 0.8165 0.2284 0.9299 0.1171 0.3481 0.02222 0.4234 0.8894 0.002442
"KALRN" 0.2895 0.0007617 0.8934 0.6771 0.1991 0.2909 0.1932 0.7628 0.6248 0.1885 0.4581 0.6096 NA 0.0651
"CSMD2" 0.7489 0.001297 0.1886 0.1147 0.5761 0.05972 0.2143 0.05713 0.4581 0.3383 0.07342 0.2769 0.678 0.007445
"VCAN" 0.382 0.001517 0.7507 0.3117 0.3891 0.897 0.2524 0.8034 0.8956 0.1323 0.504 0.5248 1 0.002229
"DNAH8" 0.749 0.001647 0.02986 0.06615 0.4858 0.4226 0.7647 0.04944 0.7876 0.5572 0.276 0.1796 0.838 0.0006959
"FREM2" 0.9589 0.00174 0.5888 0.2204 0.8683 0.6712 0.5862 0.8315 0.7537 0.9846 0.1978 0.1343 NA 0.01684
"DCHS2" 0.8586 0.0019 0.07276 0.02042 0.5668 0.03896 0.5513 0.6624 0.5728 0.06071 0.8393 0.374 NA 0.001455
"RELN" 0.6887 0.002353 0.1657 0.01548 0.5733 4.642e-05 0.001027 0.6018 0.4888 0.0002307 0.6148 0.4285 0.9362 0.004048
"ANK2" 0.5707 0.00268 0.6299 0.07596 0.9814 0.4631 0.9004 0.843 0.4793 0.06952 0.7916 0.3742 0.9571 0.03437
"SYNE2" 0.6297 0.006069 0.3443 0.8336 0.6617 0.3721 0.3236 0.3779 0.9908 0.7583 0.8941 0.05897 0.6197 0.01674
"DYNC2H1" 0.1599 0.006468 0.7689 0.6316 0.3641 0.3105 0.6177 0.02151 0.55 0.5964 0.4828 0.7452 0.0001024 0.002305
"PKHD1L1" 0.5945 0.008661 0.748 0.5561 0.5144 0.03407 0.0271 0.9425 0.8594 0.1135 0.2865 0.4213 0.01027 0.005886
"GRIN2A" 0.09158 0.009948 0.9242 0.1943 0.8652 0.3304 0.4586 0.7147 0.9805 0.1475 0.1878 0.1485 1 0.1074
"TG" 0.7696 0.01208 0.5349 0.9795 0.8513 0.09276 0.2414 0.2822 0.88 0.01305 0.4205 0.5811 0.07979 0.003814
"RYR1" 0.8728 0.01388 0.3376 0.5845 0.8601 0.4645 0.5291 0.2204 0.632 0.6559 0.7077 0.339 0.5502 0.0007014
"DMD" 0.05602 0.01775 0.07792 0.0175 0.02597 0.5962 0.2883 0.08471 0.2994 0.1316 0.8927 0.2803 1 0.04148
"TNC" 0.741 0.02445 0.1042 0.4143 0.2213 0.2793 0.2928 0.7627 0.1739 0.5539 1 0.969 NA 0.02527
"KIAA1109" 0.5805 0.02556 0.5105 0.7823 0.2643 0.4126 0.2738 0.4551 0.07034 0.0836 0.954 0.7588 0.09825 0.02774
"TIAM1" 0.4198 0.0344 0.2268 0.5407 0.8681 0.118 0.5891 0.8173 0.7161 0.5782 1 0.3963 NA 0.02071
"CUBN" 0.9432 0.04274 0.08636 0.2988 0.3106 0.2831 0.6161 0.5346 0.3609 0.2212 0.0167 0.6798 NA 0.009643
"IDH1" 0.2501 0.8414 0.004823 0 0.4653 0.4452 0.3911 0.0426 0.9337 0.1229 NA 0.8069 NA 0.3476
"Unknown" NA 0.377 0.1174 2.776e-15 NA 0.1569 0.2043 NA 0.3762 0.1955 NA NA NA NA
"ATRX" 0.1196 0.5142 0.02794 1.309e-12 0.005286 0.7352 0.4392 0.327 0.6293 0.1708 0.2011 0.6755 1 0.004319
"EGFR" 0.4636 0.0002331 0.5956 3.454e-10 0.1321 0.008238 0.03301 0 0.003966 0.9666 0.4309 0.9858 NA 0.1543
"PTEN" 0.9934 0.7442 0.2956 2.102e-08 0.8507 0.5477 0.9928 1.088e-08 0.6712 0.04666 0.5185 0.3672 0.8896 0.006986
"CIC" 0.455 0.733 0.5091 1.265e-06 0.2715 0.2855 0.3447 0.4279 0.6143 0.7563 0.05976 0.5501 NA 0.1133
"NF1" 0.6442 3.217e-05 0.0922 0.002405 0.3003 0.8085 0.9968 3.517e-06 0.1987 0.11 0.09548 0.6468 0.7971 0.01037
"FAM135B" 0.1853 0.9334 0.8047 0.3258 0.00196 0.8876 0.2956 0.1237 0.367 0.399 0.2064 0.04451 0.8175 0.03729
"MUC5B" 0.9708 0.3605 0.1837 0.8124 0.004436 0.2325 0.5928 0.7626 0.1786 0.8136 0.6019 0.05917 0.5803 0.0004408
"CTNND2" 0.7586 0.9335 0.3068 0.06565 0.02587 0.2867 0.2066 NA 0.5085 0.2551 0.2853 0.9784 0.8583 0.2411
"C15orf2" NA 0.04829 0.02341 0.0001351 0.03118 NA NA NA 0.4157 0.1009 0.4775 0.1432 1 0.1384
"FRG1B" 0.1509 NA 0.3198 0.00123 NA 0.001358 0.5321 NA 0.548 NA NA 0.3063 NA 0.3464
"MUC6" 0.5999 2.887e-15 0.2677 0.5672 0.5047 0.003189 0.9924 0.7855 0.2722 0.3472 2.138e-06 0.6315 0.9571 0.42
"VHL" NA 0.9159 0.00259 0.003318 0.4896 0.007493 0.8267 0.936 NA 0.3905 NA 0.5201 NA 0.8513
"SETD2" 0.2756 0.4082 0.4107 0.7556 0.6637 0.01705 0.1393 0.7834 0.669 0.4878 0.7791 0.9877 1 0.01652
"MUC4" 0.9673 0.7408 0.608 0.1822 0.6092 0.02526 0.8276 0.8834 0.9676 0.5573 0.2352 0.2032 NA 0.02602
"ADAM6" 0.9517 0.04976 0.7633 0.1998 NA 0.03072 0.00742 NA 0.01479 0.2528 NA 0.105 NA NA
"BAP1" 0.431 0.8945 0.3728 0.5022 0.1375 0.002147 0.03722 NA 0.2629 0.8437 0.9212 0.4941 1 0.9512
"PRUNE2" 0.9231 0.2966 0.05608 0.1512 0.7117 0.634 0.5323 0.9063 0.0004687 0.5826 0.4065 0.2966 1 0.005401
"LAMA2" 0.03785 0.08243 0.007382 0.4161 0.5275 0.761 0.86 0.9766 0.008672 0.9064 0.4199 0.0564 0.807 0.02206
"NELL1" 0.2599 0.009961 0.4289 0.958 0.8153 0.4534 0.4786 0.1065 0.009711 0.2043 0.1012 0.6603 NA 0.196
"HCN1" 0.9482 0.3362 0.2536 0.03919 0.9574 0.2043 0.526 0.5911 0.01164 0.409 1 0.7866 1 0.1795
"ZNF208" 0.6772 0.0004507 0.05731 0.774 0.9256 0.2298 0.08798 0.7922 0.01595 0.2379 0.6198 0.0003183 NA 0.03956
"ANKRD30A" 0.7968 0.3955 0.6144 0.7649 0.263 0.6194 0.789 0.8083 0.02005 0.8258 0.6669 0.6971 0.633 0.02355
"PKD1L1" 0.6227 0.1766 0.1698 0.1431 0.6366 0.9599 0.6382 0.7244 0.02241 0.9339 0.5746 0.7458 0.6779 0.03518
"COL3A1" 0.6692 0.5004 0.7615 0.3475 0.7269 0.1358 0.1351 0.5324 0.03377 0.6101 0.8517 0.7678 0.9001 0.09817
"ASTN1" 0.2007 0.0001814 0.9406 0.2773 0.06603 0.3446 0.6726 0.0004026 0.03601 0.5548 0.3283 0.9756 0.7856 0.1082
"FAM47B" 0.2302 0.01785 0.6963 0.7209 0.3726 0.9458 0.526 0.009518 0.03904 0.3151 0.7284 0.3158 NA 0.2466
"ODZ2" 0.2034 7.867e-10 0.4097 0.02945 0.5185 0.05366 0.1738 NA 0.04158 0.0007693 0.7995 0.06186 0.3227 0.02663
"COL11A1" 0.01681 0.4003 0.9923 0.788 0.362 0.7141 0.8577 0.7488 0.3211 0.002939 0.001165 0.3785 1 0.4038
"CSMD3" 0.1208 0.5843 0.8741 0.5503 0.138 0.8792 0.4998 0.5595 0.7169 0.03882 0.4418 0.8283 0.8723 0.001932
"TSHZ2" 0.551 9.775e-05 0.1067 0.01931 0.8083 0.2641 0.1979 0.4913 0.6042 0.2657 0.3267 1.121e-08 1 0.1604
"DSEL" 0.8002 0.02606 0.3668 0.1344 0.3623 0.3067 0.5428 NA 0.9288 0.0001244 0.3405 0.001386 NA 0.01684
"COL1A2" 0.6581 0.5451 0.515 0.448 0.9694 0.1873 0.142 0.4611 0.06902 0.2824 0.2345 0.001657 0.9571 0.04437
"MTR" 0.4402 8.074e-05 NA NA 0.7365 NA NA NA 0.313 0.2328 1 0.00184 NA 0.5422
"RIMBP2" 0.9178 0.08508 0.6995 0.7302 0.5734 0.2248 0.3722 0.5048 0.8892 0.3703 0.1184 0.002335 NA 0.144
"ZFP64" 0.1389 0.7241 0.564 0.4596 0.7832 0.9472 0.002371 0.5745 0.7467 0.5185 0.6432 0.004525 NA 0.1902
"ATRNL1" 0.002895 7.55e-15 0.4187 0.04456 0.9272 0.8227 0.7842 NA 0.6665 0.03028 0.04023 0.005272 NA 0.162
"KCNA5" 0.923 0.7541 0.05588 0.005903 0.0726 NA NA NA 0.2298 0.3672 0.3324 0.006833 0.9098 0.1921
"TMEM132D" 0.6964 0.5347 0.01278 0.01815 0.9965 0.2012 0.6422 0.464 0.2937 0.7877 0.4273 0.007295 0.8896 0.09384
"WDFY3" 0.4991 0.0956 0.7654 0.5344 0.6193 0.4524 0.4377 0.01208 0.9717 0.5548 0.7978 0.0101 0.9072 0.01219
"EPHA3" 0.4656 0.009321 0.3414 0.2748 0.6121 0.9112 0.4456 0.5314 0.8525 0.2042 0.359 0.01013 NA 0.06898
"RANBP2" 0.7074 2.949e-07 0.5091 0.3794 0.7898 0.6923 0.3874 0.7578 0.1579 0.707 NA 0.01022 0.8874 0.06356
"TEP1" 0.8512 0.5991 0.6729 0.7665 0.7887 0.6733 0.6551 0.7525 0.3531 0.08587 0.6707 0.0135 0.02934 0.06403
"MLL2" 0.4919 0.7519 0.9804 0.217 0.3938 0.2284 0.1191 NA 0.5724 0.1683 0.2458 0.01375 0.6308 0.03295
"KCNQ3" 0.7285 5.577e-08 NA 0.7162 0.2872 0.7704 0.3772 0.8977 0.7266 0.3488 0.5732 0.0142 NA 0.09843
"VWF" 0.006731 0.2253 0.06772 0.02474 0.9733 0.3259 0.1551 0.5059 0.7948 0.2307 0.3318 0.01562 1 0.3783
"CHD3" 0.584 4.873e-06 0.4082 0.529 0.9388 0.7529 0.4764 NA 0.9821 0.7453 1 0.01592 0.002363 0.1083
"ASXL1" 0.2025 0.7416 0.3578 0.9528 0.1571 0.8255 0.2572 NA 0.1548 0.05315 1 0.01595 0.8175 0.06405
"ZFAT" 0.01326 0.004319 0.09906 0.1692 0.1403 0.5076 0.7046 0.6652 0.4857 0.7474 NA 0.01936 1 0.0564
"MBD6" 0.764 2.571e-06 0.5229 0.4392 0.1477 0.3652 0.3539 0.5457 1 0.3183 1 0.02082 0.9571 0.9598
"TUBGCP6" 0.4218 0.8292 0.0002471 1.077e-06 0.2045 0.9192 0.8205 NA 0.06255 0.8468 0.04166 0.02262 NA 0.2019
"B2M" 0.8054 0.7337 0.05184 0.005256 0.3897 0.8247 NA NA 1 0.001706 0.6262 0.02413 NA 0.5943
"STAG1" 0.298 0.002401 0.5498 0.2141 0.2483 0.5 0.5093 0.5146 0.7764 0.183 0.4687 0.02624 1 0.5535
"TRANK1" 0.2761 3.344e-12 5.582e-06 0.04399 0.0192 0.4569 0.7224 0.771 0.4016 0.3607 1 0.0269 0.7958 0.07552
"SPEF2" 0.1305 3.962e-05 0.4195 0.4704 0.09053 0.3902 0.5922 0.4651 0.07022 0.04333 0.691 0.02877 0.7907 0.05111
"THBS2" 0.7009 0.9413 NA NA 0.4099 1.257e-08 1.987e-09 NA 0.3333 0.9508 0.03958 0.03053 1 0.07933
"COL24A1" 0.4173 0.7774 0.3333 0.1432 0.2377 0.1105 0.246 0.7488 0.3357 0.3157 0.9314 0.03088 0.9099 0.0706
"WRN" 0.2854 4.867e-11 0.6142 0.3057 0.1195 0.1042 0.6494 0.948 0.4496 0.5699 0.04937 0.03465 1 0.1445
"ABCC8" 0.4359 0.5723 0.7598 0.8156 0.8679 0.3995 0.5917 NA 0.7568 0.04156 1 0.03514 1 0.1255
"PTPRJ" 0.07641 0.8209 0.7434 0.6291 0.9634 0.3956 0.2861 0.803 0.9295 0.375 1 0.03524 1 0.0801
"ZNF676" 0.5409 0.7748 0.3838 0.3001 0.2212 0.6367 0.01294 0.6462 0.3234 0.4995 NA 0.03533 NA 0.2074
"PTPRT" 0.6294 0.02418 0.3846 0.01577 0.7114 0.08282 0.0164 NA 0.2924 0.5524 0.1794 0.03608 0.807 0.1331
"KANK1" 0.6413 2.391e-06 0.3586 0.8874 0.3093 0.4005 0.3583 0.6523 0.9634 0.8131 0.6201 0.03809 NA 0.3689
"CREBBP" 0.2856 0.4015 0.179 0.06227 0.04529 0.6829 0.6451 0.1168 0.1969 0.9153 0.5929 0.0391 1 0.2461
"CASC3" 0.6925 0.8768 NA 0.6236 0.4341 0.2473 NA 0.01221 0.559 NA 1 0.04438 1 0.5226
"EP400" 0.3278 0.0001286 0.9801 0.7428 0.3494 0.3533 0.5807 0.5878 0.7496 0.2194 0.5457 0.04816 NA 0.01735
"LOC643677" NA NA NA NA NA NA NA NA NA NA NA NA NA 6.824e-05
"MACF1" 0.4971 0.9124 0.6452 0.1753 0.2773 0.1157 0.1791 0.002778 0.3193 0.107 0.5772 0.7562 1 9.64e-05
"DNAH7" 0.497 0.9388 0.4399 0.3053 0.1594 0.4773 0.2788 0.3331 0.5381 0.4598 0.5939 0.1284 1 0.000127
"GPR112" 0.4455 5.588e-07 0.6945 0.02241 0.009493 0.6658 0.8493 2.122e-08 0.1781 0.6076 0.5468 0.3351 0.9099 0.0001392
"HUWE1" 0.02099 0.06321 0.9874 0.07114 0.8739 0.2208 0.6515 9.955e-07 0.5741 0.06547 0.09153 0.9087 0.9362 0.0002437
"ARID1A" 0.2575 0.3597 0.2271 0.02302 0.6975 0.3903 0.3271 0.1867 0.7995 0.9401 0.5663 0.7007 NA 0.000416
"BIRC6" 0.4706 1.992e-05 0.000995 2.185e-06 0.0701 0.9052 0.5874 NA 0.08747 0.912 0.0945 0.3973 1 0.0004603
"ASPM" 0.2909 0.001825 0.02381 0.07448 0.748 0.0572 0.07028 0.4016 0.6952 0.3125 0.1027 0.6228 0.7393 0.0009266
"MLL3" 0.2123 6.691e-07 0.7103 0.03491 0.2302 0.9195 0.2694 NA 0.6845 0.5634 0.4275 0.9741 0.8894 0.001367
"ZFHX3" 0.1209 0.2945 0.1967 0.00254 0.7187 0.7698 0.7193 5.329e-15 0.1157 0.06306 0.05583 0.6036 0.0001364 0.001634
"NBEA" 0.7672 4.593e-09 0.005594 0.1037 0.801 0.8333 0.8126 0.5531 0.8614 0.8838 0.3534 0.6361 NA 0.001706
"HERC2" 0.1522 0.5478 0.2431 0.4999 0.0245 0.6736 0.5435 0.5691 0.4191 0.4412 0.264 0.1117 NA 0.001986
"MKI67" 0.1081 0.06789 0.4212 0.5898 0.2904 0.38 0.3457 0.9309 0.06447 0.0676 0.8003 0.4721 1 0.002332
"LRRK2" 0.01215 0.04388 0.6514 0.6541 0.2023 0.3209 0.807 NA 0.4221 0.5708 0.02282 0.9791 1 0.002839
"PCDH15" 0.01198 0.1544 0.0133 0.06803 0.5744 0.9934 0.7302 0.6462 0.7371 0.7333 0.0459 0.7023 1 0.003206
"VPS13C" 0.4998 0.9265 0.1011 0.1413 0.1011 0.7238 0.5412 0.7726 0.03964 0.3495 0.445 0.2042 0.9099 0.003209
"ZNF292" 0.9483 0.3897 0.7368 0.5165 0.611 0.5387 0.5388 0.8085 0.6945 0.1489 0.7925 0.2063 1 0.003303
"BAI3" 0.8824 0.2519 0.203 0.9716 0.1477 0.6268 0.9053 0.6748 0.08285 0.5036 0.4779 0.9202 0.6308 0.003495
"BRCA2" 0.8816 0.0002646 0.1842 0.2146 0.9738 0.6203 0.8163 0.5408 0.933 0.7177 0.03281 0.3013 0.7467 0.003706
"MUC17" 0.4555 0.004779 0.1187 0.0008328 0.4245 0.1331 0.5784 0.1943 0.5337 0.2208 0.3901 0.1843 0.6403 0.004309
"USP9X" 0.2295 2.678e-08 0.2202 0.703 0.5864 0.7261 0.5275 0.5668 0.9897 0.4481 1 0.4295 0.08485 0.004531
"ANK3" 0.0002547 0.02932 0.3163 0.9133 0.7069 0.4882 0.6955 0.5555 0.3972 0.403 0.06057 0.5257 0.8807 0.004547
"SI" 0.7815 0.003104 0.1631 0.4792 0.1968 0.05469 0.3028 0.09046 0.892 0.4142 0.626 0.4319 1 0.004689
"OTOGL" 0.1495 NA NA 0.3308 NA 0.5446 NA 0.6462 NA NA NA 0.9133 NA 0.004745
"UTRN" 0.05848 0.1947 0.1495 0.289 0.8312 0.833 0.8776 0.6696 0.3207 0.1206 0.931 0.2759 1 0.004792
"F5" 0.2815 0.112 0.05832 0.05848 0.7285 0.9397 0.5187 0.6398 0.476 0.8457 0.1582 0.7122 NA 0.004962
"PDE4DIP" 0.2566 0.5977 0.984 0.07762 0.07906 0.2943 0.3008 NA 0.7445 0.6463 0.5661 0.1907 0.8807 0.004985
"HERC1" 0.8199 2.391e-10 0.3351 0.8696 0.4534 0.01056 0.5138 0.357 0.1149 0.1852 0.7366 0.6147 1 0.005164
"ITPR1" 0.7042 5.44e-07 0.5166 0.1623 0.5553 0.1182 0.2911 0.09253 0.09881 0.151 0.2507 0.9051 0.9362 0.0052
"DNAH10" 0.6804 0.1065 0.978 0.7859 0.005425 0.05641 0.154 0.4232 0.8906 0.4224 0.3949 0.5991 0.9098 0.006117
"AHNAK" 0.5195 0.1311 0.2358 0.09419 0.2069 0.7625 0.177 0.3084 0.5945 0.07725 0.02272 0.6498 0.3497 0.00623
"MLL4" 0.4063 0.3723 0.9743 0.2241 0.001083 0.2271 0.5178 NA 0.6075 0.01582 0.9538 0.7658 NA 0.006699
"DMXL2" 0.5033 0.009061 NA 0.6176 0.02288 0.7123 0.8586 0.8613 0.8204 0.1743 0.6802 0.853 0.9072 0.006745
"LOC100287226" NA NA NA NA NA NA NA NA NA NA NA NA NA 0.006835
"RIMS1" 0.676 0.2168 0.1648 0.9738 0.4507 0.2956 0.5277 0.6693 0.3887 0.279 0.4991 0.7328 1 0.007013
"CHD7" 0.865 0.6714 0.8385 0.5328 0.9674 0.00236 0.00242 0.5745 0.1582 0.3499 0.2139 0.98 1 0.007267
"ANKRD30B" 0.5411 NA 0.8695 0.2271 0.6622 0.3768 0.361 0.004994 0.9365 NA 1 0.01796 1 0.007583
"MYO18B" 0.7639 0.01548 0.8204 0.6952 0.2208 0.5981 0.5 0.7604 0.5773 0.0634 0.09085 0.7062 0.0006393 0.007586
"UNC80" 0.377 5.134e-09 NA NA NA 0.2211 0.002714 NA 0.6579 0.4157 1 0.3098 1 0.007717
"FBN2" 0.09105 0.2635 0.4002 0.5311 0.5975 0.7353 0.5072 0.00968 0.6129 0.1285 0.6865 0.2714 0.9001 0.007822
"TAF1" 0.2617 0.005515 0.2269 0.08218 0.009361 0.8842 0.8107 0.6823 0.9204 0.8498 0.6295 0.144 1 0.007842
"LYST" 0.03918 0.02536 0.9097 0.02471 0.6496 0.267 0.3739 0 0.1361 0.358 0.5894 0.0614 1 0.007978
"PLCE1" 0.7839 0.01793 0.2761 0.6157 0.0005767 0.1067 0.1525 0.7923 0.4662 0.7779 0.4027 0.3795 0.8649 0.008001
"SCN2A" 0.1101 0.3555 0.6511 0.5615 0.9945 0.2846 0.06203 0.6382 0.512 0.2969 0.6778 0.9649 1 0.00818
"VPS13A" 0.8144 8.154e-06 0.9315 0.9768 0.2478 0.1881 0.04537 0.6523 0.1043 0.8648 0.1775 0.05 1 0.008189
"MGAM" 0.2544 0.006259 0.3212 0.007035 0.3095 0.6412 0.9958 0.01546 0.5254 0.9625 0.2533 0.1096 1 0.008827
"KIAA0947" 0.2751 0.7218 0.4831 0.9293 8.162e-05 0.1469 0.3254 NA 0.2182 0.2282 0.529 0.9693 0.9362 0.00914
"TLN2" 0.2125 0.2986 0.2341 0.3039 0.5225 0.1019 0.3361 0.8866 0.8689 0.2082 0.1128 0.6407 0.9098 0.009184
"MYO16" 0.7301 0.0004931 0.7376 0.3082 0.00694 0.4894 0.1276 0.7829 0.2138 0.3859 0.2764 0.8929 NA 0.009228
"TRIO" 0.1635 1.999e-05 0.02228 0.001232 0.9903 0.3649 0.4464 0.9637 0.1464 0.7955 0.1118 0.7494 0.07761 0.009296
"CUL9" 0.2639 0.9095 0.3133 0.1514 0.3875 0.9805 0.6586 0.7885 0.3389 0.2109 0.3257 0.9791 1 0.009344
"ODZ4" 0.02382 0.0005518 0.5004 0.04121 0.5931 0.01836 0.0588 NA 0.7207 0.5578 0.4129 0.2021 1 0.009388
"RP1" 0.39 0.000693 0.09411 0.2532 0.1542 0.8066 0.73 0.6365 0.7846 0.4903 0.2086 0.2361 0.9362 0.009409
"COL12A1" 0.567 0.09585 0.2793 0.6111 0.9016 0.2337 0.8763 0.3828 0.254 0.7195 0.2642 0.07707 0.9362 0.0101
"KIF20B" 0.8067 0.02711 0.8853 0.703 0.6647 0.953 0.9879 0.6748 0.4749 0.856 1 0.6755 NA 0.01026
"AFF2" 0.06351 0.002741 0.4003 0.2073 0.6776 0.09365 4.565e-05 0.4631 0.7612 0.3402 0.8692 0.8932 1 0.01033
"FCGBP" 0.1292 0.449 0.4145 0.1403 0.3563 0.4379 0.8178 0.4463 0.2075 0.2171 0.1942 0.3473 0.9098 0.01036
"ASXL3" 0.6739 0.01502 0.3275 0.2177 0.5517 0.04781 0.0348 0.621 0.3954 0.3457 0.4467 0.1854 NA 0.01055
"TACC2" 0.5432 0.01597 0.07817 0.1146 0.1805 0.9654 0.7658 0.006304 0.7991 0.07541 0.7712 0.1031 0.04277 0.01058
"PTPRZ1" 0.7121 0.09318 0.9011 0.7188 0.4855 0.03422 0.004041 0.154 0.3429 0.2161 0.7518 0.9247 0.04773 0.01066
"MYH2" 0.5342 1.321e-07 0.136 0.496 0.7709 0.7414 0.8263 0.2894 0.9354 0.0593 0.2302 0.4338 0.9362 0.01071
"NALCN" 0.01614 0.8016 0.219 0.005663 0.7241 0.7202 0.2405 NA 0.1953 0.01492 0.6024 0.286 1 0.01091
"SVEP1" 0.3193 0.2566 0.9011 0.4531 0.5355 0.791 0.75 0.003511 0.8355 0.0003334 0.4421 0.4252 0.6282 0.01103
"PCDH17" 0.4519 0.6148 0.6858 0.9643 0.9627 0.386 0.2874 0.8536 0.4159 0.5904 0.003132 0.3714 NA 0.01112
"SPTBN1" 0.5799 2.451e-08 0.9667 0.7294 0.5252 0.04017 0.01911 0.583 0.227 0.8818 0.959 0.2826 1 0.01123
"C2orf16" 0.7393 0.06671 5.588e-06 4.203e-10 0.4053 0.6996 0.2398 NA 0.5576 0.9439 0.1672 0.6228 NA 0.01125
"CCDC88A" 0.02168 0.4877 0.6535 0.8149 0.6812 0.9828 0.05512 0.6638 0.2281 0.5824 0.2288 0.9065 1 0.01152
"DCHS1" 0.9119 0.1378 0.8249 0.3837 0.3771 0.8854 0.5946 0.3021 0.6832 0.2566 0.6808 0.9343 1 0.01162
"ASH1L" 0.3807 0.634 0.5821 0.6719 0.009044 0.1892 0.21 NA 0.1951 0.6219 0.5937 0.8658 0.8175 0.01197
"ZNF462" 0.7623 0.6826 0.0173 0.2706 0.1138 0.4325 0.9081 0.5745 0.6253 0.417 0.6215 0.5042 1 0.01199
"ARAP2" 0.4867 0.1734 0.1235 0.7149 0.8501 0.3387 0.5551 NA 0.1057 0.6255 0.159 0.3748 1 0.012
"MYH11" 0.9313 0.1236 0.3801 0.5229 0.2046 0.3174 0.7495 0.004282 0.7736 0.5055 0.8945 0.1001 NA 0.01201
"PTPN13" 0.5061 4.053e-13 0.3166 0.09867 0.8982 0.6019 0.8981 NA 0.4648 0.4394 0.426 0.8845 1 0.01263
"DOCK1" 0.7917 0.006493 0.19 0.02724 0.6273 0.9206 0.8232 NA 0.5725 0.7341 0.9498 0.3946 NA 0.01281
"SETX" 0.6845 0.1491 4.793e-05 0.2929 0.9213 0.5884 0.6741 0.04764 0.1274 0.6051 0.7337 0.8014 0.8623 0.01297
"ITPR2" 0.0009584 0.0005111 0.6008 0.294 0.4898 0.688 0.669 0.6958 0.4796 0.02697 0.5891 0.3255 0.07549 0.01302
"SYCP2" 0.6553 0.03793 0.2433 0.02859 0.1265 0.3944 0.8116 NA 0.932 0.6279 0.8652 0.5287 NA 0.01345
"CCNB3" 0.5469 0.1391 0.6507 0.9971 0.8041 0.988 0.6789 0.5692 0.6112 0.8842 0.1181 0.167 NA 0.01345
"WDFY4" 0.8137 NA NA NA NA 0.3895 0.417 NA NA NA NA 0.3636 NA 0.01353
"DMBT1" 0.5751 6.328e-15 0.721 0.2844 0.9334 0.4047 0.138 0.05792 0.3772 0.9118 0.5171 0.1893 0.869 0.0137
"EYS" 0.9589 0.01631 0.7874 0.8357 NA 0.7247 0.8705 NA 0.8094 0.5608 1 0.8214 NA 0.01377
"PEG3" 0.1793 0.4399 0.3212 0.004006 0.5917 0.2748 0.1823 5.168e-06 0.8799 0.1744 0.7703 0.7894 0.6723 0.01383
"MED13L" 0.5311 4.274e-05 0.1852 0.8025 0.9866 0.9983 0.7756 0.5609 0.4789 0.007972 0.836 0.7625 1 0.01386
"HIVEP1" 0.1612 2.011e-10 0.333 0.6706 0.6634 0.8605 0.3 0.7371 0.4147 0.1062 0.4472 0.1372 1 0.01392
"CDH10" 0.3691 0.01742 NA 0.4799 0.01029 0.5612 0.5738 0.7604 0.5571 0.09618 0.3032 0.436 1 0.01398
"DOPEY2" 0.3864 0.001643 NA NA 0.3037 0.0942 0.1034 NA 0.7589 0.9694 0.4015 0.7449 NA 0.01427
"MYOM2" 0.2623 0.789 0.6533 0.7207 0.1961 0.4947 0.5382 0.1354 0.3567 0.1241 0.8363 0.8685 0.8896 0.01429
"ABCB1" 0.7346 0.7158 0.755 0.9679 0.9393 0.274 0.21 0.8597 0.5091 0.07523 0.5974 0.8526 NA 0.01434
"DOCK10" 0.7391 6.694e-05 0.2779 0.8885 0.1803 0.1009 0.4141 NA 0.2843 0.05002 5.009e-07 0.5253 1 0.01438
"MLL" 0.5903 0.3124 0.3286 0.07328 0.8745 0.4132 0.7053 NA 0.8599 0.8978 0.5583 0.1251 0.5205 0.01447
"ALMS1" 0.0007934 6.426e-07 0.4436 0.4252 0.2508 0.5766 0.9714 0.5797 0.4495 0.6928 0.6291 0.8424 0.6723 0.01458
"MYO10" 0.9126 0.6025 0.1267 0.2363 0.04931 0.2246 0.2499 0.6888 0.4533 0.2967 0.7144 0.533 0.9362 0.0147
"PIKFYVE" 0.05457 1.693e-06 0.8303 0.8648 0.2649 0.4598 0.3827 0.6887 0.186 0.3528 0.6322 0.5307 NA 0.0148
"HEATR7B2" 0.7024 0.1869 0.6251 0.01534 0.682 0.9462 0.6502 NA 0.7603 0.05396 0.1127 0.6493 1 0.01484
"FRAS1" 0.8357 0.2097 0.09982 0.6856 0.00336 0.7306 0.564 0.573 0.4898 0.4968 0.5178 0.3294 1 0.01489
"CNTNAP2" 0.3314 0.1343 0.6239 0.1153 0.186 0.473 0.09135 0.7151 0.4336 0.1192 0.7139 0.5604 NA 0.01504
"LAMA1" 0.6005 0.4991 0.01067 1.157e-05 0.336 0.9593 0.8077 0.02906 0.4416 0.3786 0.8142 0.8932 NA 0.01526
"ATP10A" 0.04122 0.1974 0.178 0.05168 0.8588 0.6395 0.5369 0.8546 0.674 0.1327 0.9595 0.2261 1 0.01576
"SYTL2" 0.8579 0.1436 0.6333 0.3077 0.4958 0.645 0.5495 0.9946 0.829 0.3726 0.847 0.1269 1 0.01589
"GPR158" 0.429 0.0002327 0.7272 0.2397 0.6791 0.2091 0.2959 NA 0.8022 0.52 0.3975 0.8863 1 0.01589
"LAMB4" 0.8644 0.6558 0.5357 0.2915 0.9391 0.5696 0.9019 0.6297 0.0535 0.2429 0.7521 0.1306 1 0.01602
"AKAP6" 0.7396 0.0009424 0.0783 0.36 0.8471 0.5176 0.4714 0.5745 0.7419 0.1332 0.4362 0.229 1 0.01606
"BDP1" 0.5373 0.7375 0.2581 0.6646 0.6496 0.9468 0.6682 NA 0.2906 0.2466 NA 0.8075 0.8583 0.01618
"PRKDC" 0.5869 0.3232 0.6908 0.5659 0.7614 0.6437 0.7307 0.7604 0.5715 0.6868 0.4207 0.1433 0.8377 0.01628
"DOCK2" 0.7711 0.06496 0.9606 0.3671 0.4808 0.2014 0.1409 0.7717 0.6585 0.7874 0.2484 0.7088 0.6165 0.01629
"MAP3K5" 0.4939 0.003417 0.8433 0.7391 0.3847 0.1889 0.3947 0.8173 0.06575 0.1464 0.8899 0.8703 NA 0.0163
"CDH8" 0.001482 0.1009 0.5935 0.7449 0.2498 0.006607 0.03275 0.8332 0.3843 0.7551 0.6244 0.6431 0.1308 0.01636
"DENND4C" 0.5036 0.003417 0.8977 0.7795 0.9355 0.2206 0.2986 0.3946 0.2808 0.1101 1 0.1989 1 0.01646
"FNDC1" 0.6866 0.001977 0.2646 0.001222 0.6786 0.2049 0.3097 0 0.9046 0.2221 0.4285 0.8969 NA 0.0165
"CNTNAP4" 0.6191 2.006e-05 0.5874 0.6741 0.3248 0.3501 0.2615 NA 0.2357 0.7591 0.6664 0.2662 1 0.01673
"MAP3K1" 0.1415 0.766 0.3628 0.7286 0.3326 0.02335 0.1298 0.05277 0.7482 0.6445 1 0.4621 0.6723 0.01679
"ASCC3" 0.9425 3.093e-07 0.7082 0.3694 0.1755 0.174 0.3894 NA 0.581 0.0002309 0.5689 0.7885 1 0.01684
"ATP8A2" 0.6803 0.04421 0.9667 0.2208 0.8505 0.8885 0.9133 0.004488 0.04405 0.4379 0.6646 0.07095 NA 0.01705
"TRRAP" 0.1597 0.1313 0.4828 0.4312 0.09077 0.5002 0.7907 0.2956 0.2791 0.7051 0.04797 0.2603 0.807 0.01724
"RNF213" 0.5587 0.5433 0.02694 0.06119 0.9434 0.6579 0.5229 0.8096 0.3943 0.6287 0.2612 0.6986 0.9362 0.01726
"MYH7" 0.8717 0.0001643 0.003272 1.754e-05 0.9962 0.2483 0.8542 NA 0.545 0.2329 0.7707 0.9834 1 0.0173
"KIAA2026" 0.9219 3.286e-12 0.02819 0.001157 0.0821 0.4122 0.9774 NA 0.7455 0.3972 0.3974 0.3338 NA 0.01746
"DNAH17" 0.1626 NA 0.4103 0.7325 0.3188 0.4369 0.352 0.3823 0.07989 0.007271 0.5716 0.5812 0.9362 0.01761
"BOD1L" NA 0.6143 0.5141 0.06004 0.7008 0.03426 0.09306 NA 0.2181 0.003951 0.3413 0.2656 NA 0.01764
"PCDH19" 0.3836 0.01606 0.7941 0.7798 0.3838 0.886 0.4864 0.3184 0.6591 0.04525 0.04152 0.7045 NA 0.01773
"COL4A6" 0.06517 0.07163 0.2815 0.4352 0.008444 0.7094 0.7921 0.627 0.3904 0.5229 0.4877 0.258 1 0.01779
"CIT" 0.4357 0.6015 0.6438 0.8477 0.00365 0.4238 0.3831 0.6056 0.8802 0.04012 0.09944 0.006138 5.441e-11 0.01789
"CRB1" 0.8502 0.0003043 0.3372 0.4628 0.265 0.1295 0.07729 NA 0.0001797 0.3548 0.1642 0.4049 1 0.018
"SCN7A" 0.334 4.125e-06 0.01469 0.009943 0.3991 0.305 0.293 0.5567 0.4393 0.1504 0.315 0.9957 NA 0.0181
"ARFGEF2" 0.5624 0.01429 0.2769 0.3236 0.8056 0.0004102 3.18e-06 0.8136 0.3032 0.1748 1 0.3333 0.6779 0.01823
"PKD1L2" 0.4963 0.001694 0.8487 0.1608 0.3082 0.0003217 0.014 0.0005367 0.1405 0.6747 0.02891 0.09015 0.8978 0.01832
"AKAP9" 0.8983 0.07716 0.7706 0.7226 0.4623 0.8286 0.7542 0.6637 0.2381 0.8712 0.2088 0.921 0.5536 0.01841
"MED12" 0.8318 0.7116 0.4097 0.03652 0.1842 0.003795 0.1048 0.0001587 0.1784 0.3794 0.2912 0.7925 NA 0.01849
"MYT1L" 0.9443 0.7496 0.8583 0.09918 0.1635 0.1062 0.8912 5.755e-05 0.04784 0.1975 0.9478 0.1523 1 0.01862
"NCAM2" 0.6025 0.000784 NA NA 0.227 0.4579 0.8096 NA 0.1005 0.3203 0.8359 0.7111 0.807 0.01868
"DNAH12" 0.6389 0.8414 0.2417 0.02055 NA 0.4999 0.9131 NA 0.2635 0.8625 1 0.8333 NA 0.01888
"MSH4" 0.5438 0.07281 0.005163 2.755e-05 0.07962 0.2302 0.8583 NA 0.9 0.4562 1 0.2621 NA 0.01894
"ATP1A2" 0.4958 1.752e-07 0.3818 0.7223 0.6616 0.5076 0.1765 0.5992 0.8087 0.9094 0.3039 0.2776 0.02934 0.01948
"CHD8" 0.1785 0.7998 0.8092 0.5772 0.614 0.3133 0.6281 0.5634 0.8741 0.03277 0.6791 0.7297 NA 0.01977
"CHD6" 0.2456 0.7287 0.4824 0.9059 0.9048 0.8614 0.7985 0.5609 0.3273 0.6336 0.6557 0.6014 0.9231 0.02015
"SIPA1L1" 0.4542 0.0002891 0.6935 0.2562 0.8087 0.09059 0.5718 0.02462 0.1339 0.06344 0.1855 0.5726 1 0.02031
"UNC13C" 0.6327 1.182e-05 0.09468 0.00391 0.03252 0.9992 0.5488 0.8818 0.1574 0.7542 0.2486 0.5783 NA 0.02054
"RGPD3" 0.3792 NA 0.5023 0.2036 0.8579 0.6768 0.3214 0.536 0.3218 NA 1 0.03722 NA 0.02074
"SYNJ1" 0.4392 0.02869 NA 0.6551 0.4918 0.4962 0.3432 0.8471 0.9612 0.4251 0.8734 0.5269 NA 0.02086
"CNTN6" 0.8995 0.1486 0.9772 0.1649 0.6238 0.3297 0.3819 NA 0.6336 0.3466 1 0.5343 NA 0.02089
"SCN8A" 0.3223 0.0004594 0.1904 0.02576 0.6009 0.8776 0.3991 NA 0.5791 0.7674 0.4166 0.9867 NA 0.02104
"ABCB5" 0.8544 4.602e-12 0.6576 0.7746 0.7611 0.3052 0.1318 0.7774 0.2619 0.8874 0.8448 0.2084 1 0.02122
"EPHA5" 3.55e-06 0.4421 0.03172 0.02513 0.6247 0.28 0.5078 0.08587 0.1922 0.2339 0.4614 0.5437 NA 0.02124
"PDZRN4" 0.6274 0.3469 0.5706 0.3317 0.5831 0.0488 0.6266 0.881 0.4686 0.8899 0.5443 0.4693 0.9119 0.02137
"PXDNL" 0.544 0.6627 0.8962 0.5886 0.8328 0.7427 0.6388 0.7774 0.4651 0.4332 0.1102 0.176 1 0.02138
"DNAH6" 0.8014 0.8546 0.6299 0.6304 NA 0.7646 0.7446 0.9157 0.6407 0.2415 NA 0.0001782 1 0.02143
"F8" 0.1395 1.748e-09 0.702 0.1526 0.6386 0.01789 0.00338 0.04438 0.5501 0.09327 0.6698 0.5006 0.5746 0.02164
"ABCA8" 0.4751 1.932e-05 0.2988 0.07587 0.7157 0.4089 0.68 0.3767 0.9384 0.04725 0.04428 0.1063 NA 0.02178
"MTOR" 0.3584 0.0001689 0.001759 0.1715 0.2598 0.02369 0.1572 0.4729 0.6614 0.7569 0.9667 0.2595 NA 0.02178
"PPP1R3A" 0.501 0.001845 0.2727 0.01919 0.05265 0.7099 0.8863 0.1102 0.8056 0.5769 0.3057 0.9657 NA 0.02183
"ATP7A" 0.7278 0.6525 0.86 0.2943 0.9719 0.01035 0.16 NA 0.3395 0.09907 NA 0.6108 1 0.02189
"STARD9" 0.4035 NA NA NA NA 0.7738 0.5937 NA NA NA NA 0.4211 NA 0.02198
"POLE" 0.9134 0.001082 0.02943 0.6452 0.5953 0.2385 0.6446 0.5974 0.0002835 0.1084 0.4737 0.7497 0.8649 0.02201
"MAP1A" 0.2615 0.7552 0.7117 0.2542 0.7325 0.6668 0.1807 NA 0.7158 0.6971 0.1931 0.1506 0.8431 0.02226
"RIF1" 0.2376 0.001057 0.5303 0.3175 0.0415 0.5262 0.5777 0.7199 0.3304 0.5033 0.4523 0.9957 1 0.02227
"MIA3" 0.3791 0.05344 0.7795 0.464 0.3764 0.3487 0.301 0.7687 0.7534 0.751 0.06878 0.3205 1 0.02237
"MAGI2" 0.5434 4.907e-06 0.5005 0.3929 0.443 0.7927 0.8363 0.3683 0.5368 0.03945 0.5247 0.08123 1 0.02297
"PPFIA2" 0.3753 0.0602 0.4475 0.1735 0.2539 0.7666 0.0006493 NA 0.05245 0.4929 0.8926 0.07271 NA 0.02309
"RNF17" 1.268e-06 0.1032 0.2177 0.1339 0.8265 0.8135 0.9804 0.4841 0.7064 0.126 1 0.64 NA 0.02319
"BCOR" 0.7444 0.01891 0.1527 0.9108 0.01849 0.4265 0.8009 0.2712 0.3074 0.8728 0.461 0.2385 0.9362 0.02327
"SCN3A" 0.4518 0.06058 0.8054 0.7027 0.4067 0.9127 0.9423 0.4695 0.1592 0.06242 0.7119 0.06315 0.01864 0.02349
"SDK1" 0.4764 0.1523 0.4336 0.3463 0.6148 0.405 0.2298 0.6822 0.9157 0.1614 0.8726 0.9068 1 0.02367
"TAF1L" 0.628 0.09183 0.03333 0.00915 0.7416 0.8417 0.1538 0.05697 0.3202 0.7083 NA 0.9856 0.9231 0.02381
"PTPN14" 0.2209 0.4988 0.7944 0.8223 0.2706 0.3767 0.808 0.7962 0.2749 0.9217 1 0.05739 NA 0.02387
"DOPEY1" 0.416 7.161e-12 0.579 0.861 0.9892 0.5883 0.4408 0.823 5.495e-05 0.877 0.6535 0.8414 NA 0.02393
"DOCK4" 0.1352 1.82e-06 0.4008 0.05108 0.6367 0.3425 0.7929 0.2461 0.75 0.5587 0.2374 0.1403 0.9362 0.024
"AHCTF1" 0.7125 0.7096 0.1094 0.01808 0.2977 0.4245 0.4879 NA 0.465 0.7981 0.1657 0.864 NA 0.02442
"NWD1" 0.4255 0.000508 0.4909 0.6668 0.3341 0.06433 0.2432 0.6064 0.7615 0.4517 0.5681 0.8443 0.9098 0.02446
"FSIP2" 0.01577 9.386e-06 NA 0.7175 NA 0.5219 0.9154 0.9063 NA NA NA 0.6946 1 0.0248
"ABCB4" 0.3321 0.6914 0.7144 0.5558 0.2427 0.4015 0.4159 0.1037 0.4536 0.4075 0.5762 0.8092 1 0.02492
"CXorf57" 0.5477 0.8151 0.2185 0.4654 0.3442 NA NA 0.823 0.2204 0.1516 1 0.5743 NA 0.02499
"PLCG2" 0.3175 1.817e-11 0.005103 0.02348 0.5289 0.1632 0.1951 0.3595 0.7433 0.4812 0.6725 0.1017 NA 0.02499
"TSHZ3" 0.129 0.04812 0.4864 0.1216 0.9652 0.7192 0.335 NA 0.239 0.2209 0.6998 0.05912 NA 0.02513
"GAPVD1" 0.5041 0.769 0.5618 0.6537 0.6998 0.4463 0.9548 1 0.5027 0.2754 0.05694 0.09596 1 0.02517
"PTCH1" 0.2007 0.04324 0.3571 0.8475 0.3873 0.1574 0.3308 NA 0.3155 0.9512 0.01013 0.2264 0.04773 0.0253
"SLITRK3" 0.3979 5.27e-06 NA 0.1446 0.578 0.1758 0.4183 4.544e-09 0.4832 0.71 0.6045 0.958 0.8024 0.02544
"C11orf41" NA 2.01e-05 0.7538 0.775 0.7627 0.06484 0.178 NA 0.8086 0.1391 0.09844 0.7175 NA 0.02559
"PCDHGB1" 0.7946 0.02205 0.9119 0.3515 0.5281 0.355 0.4785 NA 0.6288 0.05749 1 0.4379 NA 0.0257
"DNHD1" 0.279 0.3895 0.05184 0.0003826 0.9506 0.2956 0.006106 1.063e-11 0.8724 1 0.3189 0.09236 1 0.02574
"MED14" 0.4624 0.7998 0.4597 0.5628 0.3189 0.5 0.3246 0.9637 0.3186 0.002475 NA 0.276 NA 0.02586
"YSK4" 0.6794 0.07743 0.08345 0.00321 0.3767 0.9734 0.9652 NA 0.0198 0.07266 0.7357 0.6749 0.8649 0.0259
"HECW2" 0.09928 8.097e-05 0.2941 0.2944 0.7967 0.4014 0.5022 0.7604 0.01632 0.2077 0.9211 0.6751 NA 0.02612
"DIAPH3" 0.4363 0.0008668 0.5562 0.2509 0.6145 0.4762 0.1364 NA 0.3699 0.08748 0.7701 0.8902 NA 0.02624
"LRRC7" 0.2014 0.00867 0.5457 0.9283 0.265 0.7008 0.5322 0.3475 0.5619 0.2162 0.809 0.4454 1 0.02631
"MAGI1" 0.4105 0.2456 0.9563 0.7708 0.9771 0.1082 0.3443 0.8896 0.4986 0.3834 0.7803 0.4044 1 0.02632
"GRIN2B" 0.8301 2.46e-05 0.3176 0.8964 0.4925 0.32 0.5563 0.3991 0.6666 0.2114 0.39 0.08927 0.8874 0.02648
"MYH8" 0.4844 0.2433 0.9294 0.3455 0.5554 0.6144 NA 0.2965 0.6701 0.5592 0.7934 0.2227 0.9362 0.02649
"DYNC1H1" 0.815 3.409e-07 0.4932 0.6339 0.2527 0.3721 0.8365 0.7724 0.5327 0.2534 0.6639 0.667 0.6189 0.02649
"MYH3" 0.8559 1.947e-07 0.9274 0.512 0.5457 0.8096 0.4566 0.01586 0.9583 0.4542 0.5215 0.9477 1 0.0266
"JMJD1C" 0.7969 0.7808 0.9946 0.362 0.3844 0.06151 0.09968 0.9063 0.9926 0.2937 0.06398 0.1025 0.4873 0.02663
"CAD" 0.4487 0.01261 0.6937 0.39 0.1869 0.3626 0.7993 0.2853 0.9867 0.1376 0.8136 0.589 NA 0.02665
"ADAMTS3" 0.3949 0.5873 0.282 0.8836 0.09974 0.8243 0.6056 9.901e-06 0.6159 0.6082 1 0.01492 0.9072 0.02669
"SBF2" 0.5641 0.7877 NA NA 0.6011 0.2008 0.3229 NA 0.2335 0.5866 0.3644 0.3211 0.7691 0.02689
"POLQ" 0.6496 0.6662 0.8768 0.8842 0.4092 0.8224 0.1248 0.5287 0.6502 0.274 0.7523 0.1354 1 0.027
"ABCA10" 0.5988 0.6774 0.06125 0.1287 0.1792 0.5762 0.8261 0.7829 0.04485 0.5508 0.06533 0.5144 NA 0.02701
"STXBP5L" 0.7219 0.01535 0.09281 0.002044 0.2646 0.3804 0.2818 0.0008523 0.7847 0.02455 0.9515 0.834 0.8708 0.02702
"NID1" 0.01263 0.04137 0.007345 0.1015 0.3968 0.002276 0.1822 0.8744 0.1421 0.5007 NA 0.1453 NA 0.02706
"DIAPH2" 0.1634 0.1892 0.8868 0.9683 0.009324 0.005679 0.02495 0.5088 0.4886 0.9228 0.9077 0.04606 NA 0.02732
"HFM1" 0.09806 0.6565 0.3257 0.8908 0.2759 0.7381 0.2574 0.4182 0.1029 0.9289 1 0.1607 1 0.02753
"CUX1" 0.6848 0.4029 0.9624 0.5288 0.00194 0.9734 0.7459 NA 0.1763 0.359 0.1862 0.1618 0.5238 0.02755
"TPR" 0.854 0.002676 0.7594 0.7514 0.3447 0.5285 0.8879 0.753 0.5217 0.5943 0.1608 0.7511 NA 0.02779
"FRY" 0.3517 0.03648 0.3009 0.1376 0.2915 0.3296 0.4375 0.5159 0.5336 0.3633 0.1209 0.2814 0.8412 0.02785
"NRK" 0.1187 0.6906 0.2314 0.123 0.008292 0.9702 0.8017 0.1069 0.6485 0.2576 0.8391 0.918 NA 0.02804
"LIFR" 0.9037 4.948e-11 NA 0.5413 0.2526 0.125 0.1939 0.7829 0.7741 0.6767 0.9598 0.62 1 0.02804
"KAT6A" 0.2505 NA NA 0.5879 NA 0.1321 NA 0.8056 NA NA NA 0.07207 NA 0.02812
"CACNA1S" 0.9169 0.06971 0.08574 0.7068 0.9852 0.2827 0.9094 0.01909 0.8981 0.3303 0.1767 0.3206 1 0.0284
"GRM5" 0.9439 0.5701 0.4078 0.6373 0.09812 0.9831 0.8492 0.7885 0.7544 0.6649 0.3198 0.6114 NA 0.02845
"GOLGB1" 0.6711 0.0003663 0.7384 0.7638 0.2606 0.8332 0.8007 0.5745 0.2121 0.5409 0.1345 0.353 1 0.02859
"LOXHD1" 0.1787 NA NA NA NA 0.000609 0.01101 NA NA NA NA 0.4886 NA 0.0286
"PLXNC1" 0.5234 0.1911 0.5788 0.6683 0.5254 0.4551 0.4379 NA 0.1236 0.7433 0.5732 0.1721 1 0.02905
"ZC3H13" 0.09647 0.9021 0.7414 0.6154 0.5427 0.1983 0.5148 0.9157 0.6801 0.2865 0.2146 0.2632 0.8175 0.02907
"NRXN3" 0.9678 0.03897 0.8423 0.555 0.4309 0.3631 0.487 NA 0.8447 0.04516 0.003668 0.1493 1 0.02916
"SLITRK2" 0.5732 0.228 0.6531 0.5453 0.9469 0.4875 0.7365 NA 0.7271 0.7484 0.09397 0.08947 NA 0.02918
"ANO4" 0.2272 0.5059 0.2799 0.9646 0.4651 0.01985 0.04836 0.2251 0.8958 0.04686 0.06418 0.1353 1 0.02919
"PLXNA2" 0.1093 0.364 0.5563 0.1754 0.5256 0.6755 0.5286 0.9637 0.0232 0.07611 0.4237 0.4252 1 0.02923
"KIAA1210" 0.3281 0.009799 0.591 0.4375 0.9596 0.3397 0.4404 0.9063 0.6185 0.1593 0.1138 0.2858 NA 0.02943
"HEPH" 0.4387 0.002033 0.3479 0.1822 0.2923 0.3463 0.412 0.6167 0.158 0.02475 0.9804 0.4515 NA 0.02946
"FANCM" 0.5714 0.0001249 0.9661 0.438 0.7598 0.5159 0.5821 0.733 0.9547 0.02765 0.4562 0.4003 1 0.02961
"MYH6" 0.8421 0.6958 0.9269 0.3112 0.123 0.4412 0.137 0.05112 0.8789 0.8289 0.7041 0.4947 0.8314 0.02963
"COL6A6" 0.5343 3.353e-05 0.08107 0.002943 0.8761 0.009857 0.04246 NA 0.6594 0.6819 0.0526 0.3522 0.7979 0.02977
"NBEAL1" 7.724e-06 0.004853 0.03192 0.03603 0.5292 0.04458 0.09544 0.823 0.335 0.3368 1 0.2689 NA 0.02982
"MED13" 0.841 0.7706 2.025e-06 7.443e-12 0.3652 0.9362 0.908 1.765e-14 0.1046 0.1622 0.6859 0.6861 0.9394 0.02989
"CCDC132" 0.6603 0.8575 0.6032 0.1299 0.08979 0.5242 0.9229 NA 0.1727 0.7282 0.5217 0.7705 0.9362 0.03025
"FREM1" 0.5451 0.073 0.001759 2.087e-05 0.9423 0.5383 0.6493 0.9157 0.1775 0.5295 0.4347 0.8054 0.9362 0.03026
"SEMA6D" 0.7136 0.003606 3.687e-05 0.6057 0.3743 0.8229 0.9969 0.5805 0.5977 0.7799 NA 0.7486 NA 0.03043
"LRRIQ1" 0.1597 1.438e-12 0.238 0.1163 0.001725 0.4472 0.7093 0.7251 0.6145 0.8572 0.8661 0.09939 NA 0.03048
"SAMD9" 0.2304 5.372e-05 0.1553 0.2847 0.5161 0.2259 0.5919 NA 0.6981 0.2855 0.8176 0.7554 NA 0.03071
"NCOR1" 0.297 0.2594 0.5215 0.9882 0.9805 0.3255 0.4545 0.5421 0.6257 0.2193 1 0.7938 0.8807 0.03071
"PHF3" 0.5093 2.404e-07 0.119 0.6564 0.6542 0.9647 0.5947 0.4073 0.4061 0.9076 0.5305 0.5465 1 0.03075
"SYNM" 0.4527 0.7972 0.7893 0.4362 0.4355 0.1697 0.8222 NA 0.7367 0.417 0.2518 0.983 NA 0.03089
"KRAS" 0.5687 0.6527 0.4516 0.4416 0.07793 0.5173 0.6674 0.8173 0.9677 0.1677 0.5603 0.08586 0.9001 0.031
"IGSF1" 0.2236 0.003715 0.2774 0.9158 0.5775 0.3473 0.3529 0.7044 0.429 0.185 0.3633 0.3316 0.9571 0.03102
"ZMYM3" 0.5969 0.03517 0.5441 0.6815 0.102 0.06016 0.1092 0.6623 0.8544 0.726 1 0.5112 NA 0.03104
"LRBA" 0.9147 0.0012 0.5049 0.8431 0.7038 0.2858 0.238 0.6663 0.5511 0.4034 0.4212 0.9947 NA 0.0311
"EPG5" 0.2292 NA NA 0.9217 NA 0.9981 NA 0.03771 NA NA NA 0.9682 0.8127 0.03112
"DNAH14" 0.8967 0.0002678 NA NA NA 0.6155 0.5503 NA NA 1 NA 0.3629 NA 0.03115
"NRG1" 0.503 0.6965 0.181 0.7604 0.9297 0.9616 0.9141 0.7224 0.1204 0.8203 0.6489 0.1868 1 0.03119
"XRN2" 0.5397 0.0136 0.5627 0.3049 0.02181 0.528 0.3712 0.6693 0.3241 0.4863 1 0.1547 1 0.03127
"RP1L1" 0.9353 0.3875 0.3051 0.2678 0.9011 0.2594 0.2895 0.6195 0.09837 0.1623 0.5955 0.9549 NA 0.03141
"TMEM131" 0.5837 0.0002219 0.08557 0.4307 0.5371 0.9878 0.7967 0.8076 0.5894 0.08638 0.5262 0.8311 NA 0.03155
"ROBO1" 0.305 0.05138 0.8104 0.4672 0.152 0.2943 0.7795 0.8896 0.124 0.5349 0.9095 0.7876 NA 0.03161
"RTTN" 0.2542 0.7744 0.2823 0.02608 0.007279 0.9579 0.7716 0.936 0.9496 0.2991 0.7739 0.8868 0.6779 0.03172
"KIF21A" 0.7054 3.903e-11 0.2955 0.1986 0.8328 0.1506 0.195 0.8544 0.589 0.6943 0.5239 0.2492 1 0.03173
"SCN1A" 0.7817 2.379e-10 0.8527 0.8727 0.7998 0.1464 0.1748 0.3369 0.2239 0.06515 0.2407 0.3181 0.8896 0.03175
"FLG2" 0.7608 2.649e-05 0.609 0.05239 0.7312 0.4079 0.6362 0.9157 0.7087 0.6475 0.05835 0.6055 0.6208 0.03185
"SPG11" 0.4327 0.2339 0.02971 0.002389 0.4211 0.8136 0.1613 NA 0.9676 0.3157 0.7673 0.09702 NA 0.03188
"ZNF407" 0.434 0.6252 0.4969 0.7155 0.2389 0.4957 0.3767 NA 0.1352 0.09412 0.7738 0.07157 0.6308 0.032
"SCN9A" 0.2473 7.604e-09 0.04645 9.567e-05 0.6909 0.9477 0.8052 NA 0.03764 0.3733 0.8921 0.7166 0.9362 0.03201
"VPRBP" 0.2261 0.818 NA NA 0.7463 0.3371 0.002818 NA 0.3581 0.6793 1 0.7042 NA 0.03203
"CR1" 0.562 0.05666 NA 0.2842 0.6631 0.4519 0.748 0.6504 0.6226 0.3324 0.7379 0.7246 NA 0.03206
"ATG2B" 0.04938 0.438 0.7231 0.1077 0.4274 0.2887 0.4509 0.3767 0.29 0.07026 1 0.9043 1 0.03215
"FAM135A" 0.7329 0.7997 NA NA 0.07293 0.0009006 0.00235 NA 0.7401 0.707 NA 0.8357 NA 0.0323
"TET1" 0.4792 7.523e-05 0.08557 0.09293 0.275 0.3664 0.04728 0.9157 0.4623 0.6006 0.5428 0.3852 1 0.03237
"THADA" 0.9451 0.7812 0.6604 0.09448 0.005921 0.2789 0.3145 NA 0.2787 0.02288 0.231 0.1855 NA 0.03257
"CENPE" 0.3995 0.09695 0.3734 0.03697 0.001674 0.4247 0.4462 NA 0.3552 0.3067 0.7917 0.8963 NA 0.03259
"SLC12A1" 0.5466 0.7051 0.5984 0.6865 0.9206 0.6914 0.4785 NA 0.1675 0.8088 1 0.6434 NA 0.03275
"C20orf26" 0.08811 0.162 NA 0.5752 0.03814 0.8302 0.8951 0.803 0.6969 0.1117 0.8815 0.7711 NA 0.03283
"VPS13D" 0.2511 0.189 0.6541 0.5699 0.5544 0.4229 0.216 0.3207 0.6591 0.4101 0.6267 0.7578 0.9362 0.03303
"PDGFRA" 0.5247 3.194e-12 0.2111 0.001793 0.9672 0.8927 0.7232 0.06077 0.6676 0.6933 0.5923 0.4222 NA 0.0331
"BRWD3" 0.6685 0.665 0.8199 0.276 0.09106 0.4334 0.8848 0.936 0.6894 0.5339 0.631 0.5212 NA 0.03326
"PTPRQ" 0.1361 NA NA NA NA 0.05427 0.1375 NA NA NA NA 0.0783 NA 0.03331
"HEATR1" 0.5954 0.2564 0.3289 0.3735 0.6364 0.7491 0.9114 0.6246 0.8682 0.9544 0.1813 0.8409 0.9362 0.03339
"PPL" 0.8204 0.001269 0.1782 0.2427 0.909 0.9167 0.2327 0.7829 0.1587 0.5924 0.4911 0.1857 0.9571 0.03347
"KIF16B" 0.6299 0.2034 0.3566 0.1323 0.006126 0.175 0.1939 0.7553 0.1985 0.004765 1 0.7885 NA 0.03367
"CHD9" 0.4592 0.1321 0.4918 0.9726 0.1186 0.7961 0.8809 0.4716 0.3205 0.08855 0.2352 0.5601 0.0995 0.03384
"MGA" 0.2511 0.08461 0.4353 0.9255 0.3002 0.3494 0.1891 NA 0.452 0.7515 0.3764 0.7607 1 0.03389
"IGF2R" 0.4893 0.3332 0.4241 0.5371 0.03983 0.4665 0.3214 0.8587 0.6309 0.8866 0.9102 0.9426 1 0.03395
"ZNF99" 0.4013 0.08023 0.9731 0.9998 0.415 0.8001 0.9602 0.5146 0.4351 0.9873 0.1505 0.06331 NA 0.03398
"MORC4" 0.6849 1.516e-08 0.3489 0.3491 0.2885 0.5822 0.5509 0.6023 0.5856 0.4439 0.6941 0.9831 NA 0.03401
"CNTN4" 0.9974 8.129e-06 0.9517 0.3031 0.6243 0.8723 NA 0.7829 0.9662 0.1614 0.7432 0.9852 NA 0.03414
"ADAMTS20" 0.1588 4.39e-05 0.9075 0.8605 0.4107 0.1135 0.2274 0.6255 0.7367 0.1656 0.4384 0.4378 1 0.03419
"MCF2L2" 0.4765 0.006003 1.083e-05 1.088e-08 0.2197 0.9234 0.1811 NA 0.5512 0.8327 0.1069 0.08829 0.9231 0.0343
"MPDZ" 0.3599 0.2269 0.07171 0.01598 0.1084 0.2703 0.2833 2.232e-05 0.5698 0.45 0.3012 0.684 0.5933 0.03435
"TNIK" 0.8035 0.3956 0.05928 0.3808 0.8682 0.2258 0.1832 NA 0.4275 0.4459 0.05148 0.1748 0.9099 0.03451
"MYO9A" 0.3283 7.333e-05 0.08307 0.9425 0.622 0.831 0.4642 0.6952 0.674 0.8096 1 0.2234 1 0.03466
"GPR179" 0.7947 0.06827 1.588e-14 0 0.1171 0.9445 0.3317 NA 0.9522 0.2565 0.1899 0.6878 0.6292 0.03483
"DNMBP" 0.8493 0.02755 0.3525 0.9966 0.122 0.9047 NA NA 0.105 0.8702 0.2881 0.5624 NA 0.03489
"CUL7" 0.4764 0.5233 NA 0.4911 0.1477 0.3518 0.2827 0.766 0.7039 0.6182 0.4001 0.2229 NA 0.03491
"CNTNAP5" 0.4017 1.834e-07 0.9209 0.2269 0.1883 0.9734 NA NA 0.4341 0.6069 0.2737 0.6922 NA 0.03499
"IQGAP2" 0.2064 0.03226 1 1 0.6377 0.5508 0.2719 NA 0.3506 0.7874 0.2905 0.4537 NA 0.03509
"NAV3" 0.8147 0.3323 0.01324 0.06115 0.6646 0.4622 0.2988 0.7521 0.262 0.7658 0.451 0.6889 0.9098 0.03509
"THSD7A" 0.0006435 0.008142 0.8218 0.2884 0.347 0.2802 0.4856 0.8056 0.3546 0.3402 0.6053 0.6279 NA 0.03533
"ITGAM" 0.865 0.3929 0.06503 0.5098 0.9046 0.5101 0.6931 NA 0.5013 0.3652 1 0.1214 0.9362 0.03535
"PCDHB5" 0.5777 1.398e-05 0.4328 0.032 0.7544 0.007278 0.5551 0.8173 0.1246 0.2743 0.7775 0.506 0.8623 0.03547
"UNC79" 0.7846 NA NA 0.4799 NA 0.8809 NA 0.7604 NA NA NA 0.296 0.9001 0.03575
"CACNA2D3" 0.2485 0.4989 0.7438 0.8893 0.4339 NA NA 0.7829 0.5384 0.7463 1 0.5778 1 0.03587
"GPRASP1" 0.0003112 0.7721 NA 0.7599 0.629 0.04249 0.9653 0.9157 0.806 0.1057 0.9821 0.6233 1 0.03593
"FAM83B" 0.6254 0.8103 0.9259 0.7408 0.187 0.4255 0.718 0.529 0.4131 0.2205 0.001822 0.9151 1 0.03608
"SMG1" 0.3395 5.693e-05 0.1017 0.006304 0.1175 0.5798 0.3238 NA 0.5721 0.4408 1 0.232 0.9072 0.03622
"SRRM2" 0.001114 0.4538 0.4629 0.1841 0.05595 0.04189 0.0643 0.2154 0.4555 0.9337 0.282 0.9394 0.9362 0.03632
"PHLDB2" 0.6714 0.005266 0.271 0.9419 0.1984 NA NA 0.7147 0.6302 0.6714 0.82 0.2022 0.02934 0.03708
"SNRNP200" 0.299 0.7872 0.6676 0.5699 0.5389 0.4047 0.404 0.7548 0.7951 0.3514 0.3539 0.2514 NA 0.03709
"KIRREL" 0.9514 0.8475 0.8747 0.6499 0.628 0.7928 0.7821 NA 0.3655 0.2267 1 0.08812 NA 0.03714
"SCAPER" 0.508 3.69e-07 0.6685 0.8292 0.4159 0.1348 0.02964 NA 1 0.582 0.2475 0.9705 NA 0.03736
"PCDHA8" 0.8563 7.522e-10 0.6187 0.6028 0.4549 0.6283 0.4575 NA 0.8016 0.232 1 0.6564 NA 0.03744
"EPHB1" 0.3263 0.7145 0.06582 0.3137 0.9162 0.8873 0.4785 NA 0.6767 0.2316 0.8985 0.2412 0.6235 0.03745
"LRRK1" 0.5139 0.7192 0.3208 0.9675 0.811 0.5295 0.4423 0.5929 0.6058 0.01934 0.2188 0.08689 NA 0.03754
"CELSR2" 0.6575 0.006356 0.283 0.3494 0.6441 0.2741 0.3967 0.7578 0.5674 0.1618 0.05274 0.4237 NA 0.03758
"CLASP1" 0.5314 1.809e-08 0.2512 0.007987 0.06315 0.4123 0.7275 5.542e-07 0.7768 0.6759 1 0.3929 1 0.0376
"SLC9A10" NA 0.6187 0.0002169 5.345e-08 0.7502 0.9532 0.9504 NA 0.6832 0.4114 0.4012 0.4868 NA 0.03769
"REV3L" 0.9268 0.003388 0.1371 0.2773 0.7228 0.8004 0.1304 0.9157 0.6924 0.8009 1 0.7962 1 0.03776
"FILIP1" 0.6954 0.7354 0.2406 0.07862 0.3513 0.3929 0.361 0.05704 0.3007 0.3038 NA 0.6595 1 0.03816
"TRPA1" 0.609 0.5397 0.1278 0.03383 0.5346 0.7443 0.4367 0.733 0.2612 0.06712 0.4205 0.7347 1 0.03819
"A2M" 0.835 6.918e-08 0.4561 0.9371 0.5406 0.9032 0.3031 0.7993 0.6492 0.901 0.2201 0.4382 1 0.03821
"TNRC6A" 0.8589 0.0001455 0.6511 0.0452 0.5795 0.6389 0.8602 0.5946 0.4788 0.5421 0.7045 0.7235 NA 0.03822
"COL19A1" 0.4419 0.7944 0.9198 0.4155 0.1117 0.5432 0.125 0.06776 0.962 0.01103 0.7186 0.1327 1 0.0383
"MSH6" 0.6321 1.67e-06 0.253 0.02771 0.3282 0.3688 0.2262 NA 0.0245 0.4767 0.000536 0.251 NA 0.03831
"CDK5RAP2" 0.7089 1.848e-05 0.7619 0.7611 0.2559 0.01344 0.03632 0.8089 0.363 0.5522 0.2087 0.2662 NA 0.03834
"SAMD9L" 0.7536 0.228 0.4178 0.8592 0.8078 0.2637 0.4342 NA 0.6939 0.2755 0.4391 0.4734 1 0.03842
"CACNA1G" 0.7869 0.007612 0.679 0.7524 0.000164 0.5657 0.7157 0.1732 0.7719 0.181 0.9415 0.2071 0.488 0.03845
"ADAM7" 0.3498 0.04653 0.3277 0.004134 0.6606 0.8221 NA 5.978e-09 0.4283 0.8475 NA 0.7254 NA 0.03852
"MAGEC1" 0.5622 0.03616 0.6748 0.9839 0.3405 0.5974 0.6273 0.5045 0.1586 0.6528 1 0.9061 1 0.03853
"ERBB4" 0.3183 0.0008226 NA 0.3294 0.494 0.7241 0.8511 0.6462 0.9685 0.05971 NA 0.8549 6.593e-06 0.03878
"TPTE" 0.4183 0.0002055 0.1427 0.3308 0.9958 0.5754 0.5248 0.2484 0.4004 0.4172 0.9877 0.2885 NA 0.03883
"LRP6" 0.576 0.0173 0.3937 0.8441 0.5553 0.1032 0.2862 0.6497 0.2806 0.4884 0.2121 0.5663 NA 0.03897
"CACNA1F" 0.1579 0.434 4.287e-10 0.00691 0.006325 0.7904 0.9767 0.01114 0.1438 0.5025 0.09843 0.3847 NA 0.03912
"ARHGAP31" 0.2614 6.367e-08 NA 0.4355 0.4328 0.4125 0.272 0.7371 0.3243 0.1777 0.45 0.4131 NA 0.03924
"AKAP11" 0.1484 0.7719 0.6685 0.8292 0.1141 0.7883 0.9445 NA 0.953 0.8416 1 0.4233 1 0.03933
"MYO15A" 0.6945 0.8033 0.2203 0.03822 0.0005255 0.209 0.4078 0.1245 0.1884 0.6231 0.1958 0.3412 0.7761 0.03941
"CNOT1" 0.5051 0.3595 0.5659 0.4196 0.713 0.9223 0.9826 0.4082 0.9117 0.1503 0.05702 0.9217 0.9099 0.03943
"PCDH11X" 0.899 1.055e-06 0.01904 1e-06 0.3541 0.4976 0.005839 0 0.333 0.8292 NA 0.2303 0.7907 0.03955
"NYNRIN" 0.6239 0.7834 0.7905 0.6688 0.08968 0.1973 0.9 0.8613 0.7576 0.6296 0.09136 0.8234 0.597 0.0396
"CCDC73" 0.484 0.01165 NA NA 0.8018 0.228 0.4994 NA 0.8226 0.5894 0.2203 0.7528 NA 0.04015
"DOCK11" 0.5299 0.08062 0.6818 0.8173 0.9445 0.00538 0.01171 0.7713 0.9668 0.01919 0.3197 0.6167 0.9072 0.04058
"POLA1" 0.5157 0.7722 0.3893 0.8014 0.271 0.6323 0.0003532 0.78 0.4742 0.7863 0.517 0.7393 NA 0.04068
"PTPRK" 0.8235 0.1847 0.6454 0.7082 0.6531 0.1061 0.202 NA 0.2415 0.1795 0.6817 0.5722 1 0.04079
"MXRA5" 0.1393 0.1814 0.2753 0.02365 0.9002 0.4426 0.5527 0.0425 0.3401 0.01405 0.8717 0.3578 1 0.04086
"KCNT2" 0.5406 0.1987 0.8547 0.4366 0.1959 0.5295 0.5301 0.001953 0.4356 0.8477 0.432 0.6837 1 0.04092
"ROS1" 0.1405 7.44e-07 0.08492 0.6507 0.8846 0.1958 0.1772 0.599 0.4881 0.4764 0.3477 0.4652 0.633 0.04112
"ZEB2" 0.4687 0.02661 NA 0.3027 0.7528 0.4073 0.3676 0.9445 0.3277 0.3465 0.2289 0.4942 NA 0.04121
"OTOF" 0.9902 0.6416 0.2359 0.6747 0.644 0.2391 0.1303 0.6684 0.199 0.05302 0.4597 0.9134 NA 0.04124
"ZNF709" 1 4.367e-06 0.8924 0.6892 0.8441 0.4341 0.3154 NA 0.8892 0.5772 NA 0.2771 0.02687 0.0413
"PRPF8" 0.3454 0.369 0.9369 0.9462 0.05836 0.06648 0.4326 0.8056 0.2044 0.8181 0.5371 0.8618 0.6282 0.04133
"IGSF10" 0.2633 1.823e-09 0.00259 0.9939 0.2615 0.7747 0.857 0.6688 0.0881 0.4519 0.06065 0.4412 1 0.04141
"ANO2" 0.4889 0.01165 1.071e-05 0.1457 0.3088 0.4263 0.568 0.4036 0.7163 0.2415 0.6198 0.3547 1 0.04144
"NRXN1" 0.6904 0.1808 0.7061 0.3281 0.826 0.8169 0.4827 0.6462 0.8396 0.8739 0.2653 0.05157 0.2551 0.04167
"SLITRK4" 0.03501 0.00183 0.3972 0.753 0.2093 0.4481 0.4245 0.5091 0.9796 0.7729 0.0004973 0.01321 NA 0.04175
"BRDT" 0.0685 0.01547 0.6731 0.6505 0.9156 0.3951 0.3381 NA 0.5629 0.3167 1 0.6397 1 0.04185
"MON2" 0.7865 0.7692 0.003683 0.6775 0.2803 0.6208 0.1297 0.5039 0.1905 0.017 1 0.2619 1 0.04202
"ABCA1" 0.5973 7.736e-10 0.5604 0.8416 0.03207 0.7285 0.8606 0.7604 0.2261 0.6957 0.1311 0.2524 1 0.04202
"DSCAML1" 0.4256 0.2219 0.5523 0.4805 0.8774 0.4348 0.3273 0.7604 0.5127 0.6025 0.7445 0.3136 1 0.04218
"TDRD6" 0.2702 4.203e-05 0.2292 0.5795 0.9515 0.7067 0.6502 NA 0.1891 0.8291 0.6227 0.6802 0.4939 0.04227
"ARHGAP20" 0.01625 1.111e-07 0.004107 8.257e-05 0.7772 0.5714 0.3306 NA 0.2626 0.576 0.2945 0.7789 NA 0.0423
"PCDHGA12" 0.5592 0.76 0.2216 0.01456 0.4682 0.5042 0.4856 NA 0.7076 0.7525 0.09681 0.4187 NA 0.04258
"CPS1" 0.9346 0.6815 0.9921 0.8903 0.4597 0.4003 0.3202 0.4543 0.6968 0.5319 0.9078 0.2192 1 0.04272
"ARFGEF1" 0.1092 1.418e-09 0.342 0.06009 0.3642 0.6951 0.7975 NA 0.1528 0.834 0.5874 0.3007 NA 0.043
"SPTB" 0.4099 0.5087 0.7529 0.1851 0.05561 0.6101 0.9227 0.02498 0.6431 0.9121 0.0941 0.5 1 0.04305
"DEPDC5" 0.3839 0.01275 0.9711 0.1705 0.02563 0.2709 0.3347 3.33e-08 0.1146 0.02689 0.6116 0.4095 1 0.04313
"LRP1" 0.9486 0.6083 0.5641 0.5329 0.834 0.8918 0.4574 0.5129 0.7079 0.0005465 0.3065 0.423 1.701e-11 0.04316
"ALG13" 0.6433 0.9159 0.5792 0.7136 0.01142 4.109e-05 0.0005815 0.7488 0.4322 0.4788 NA 0.8891 0.8243 0.0435
"HRNR" 0.1339 0.0001308 0.7907 0.5554 0.586 0.1214 0.4107 0.6899 0.1969 0.07994 0.8602 0.3933 0.9098 0.04354
"PDZD2" 0.9911 0.7818 0.4857 0.44 0.3877 0.6038 0.916 0.6164 0.4334 0.672 0.6815 0.3971 0.6282 0.04379
"SORL1" 0.6528 0.7409 0.2298 0.7613 0.05277 0.4575 0.1152 0.6251 0.7392 0.154 0.6243 0.05197 1 0.04412
"RASA1" 0.9517 0.7579 0.5498 0.6521 0.587 0.08089 0.198 0.3946 0.3186 0.9665 1 0.05858 1 0.04444
"COL6A5" 0.7893 0.006761 NA NA NA 0.3626 0.673 NA NA NA 0.4233 0.6799 NA 0.04461
"TET2" 0.2932 0.7406 0.1299 0.0224 0.05733 0.3924 0.3214 0.9264 3.247e-05 0.2113 0.6095 0.5888 NA 0.0447
"ANKRD36" 0.5955 NA 0.5417 0.523 0.08129 0.1765 0.09279 NA 0.3758 1 0.5988 0.8816 1 0.04487
"ABCA5" 0.6363 2.208e-07 0.6051 0.1264 1.741e-06 0.921 0.3194 NA 0.6494 0.883 0.3711 0.4213 0.7622 0.04499
"PLEKHH2" 0.2161 0.1733 NA NA 0.8583 0.6493 0.5055 NA 0.313 0.569 NA 0.83 NA 0.04501
"NFASC" 0.629 0.0009588 0.05795 0.1082 0.5557 0.6736 0.5526 0.9157 0.9649 0.1179 0.4015 0.8453 NA 0.04541
"PAPPA" 0.4312 0.8445 0.6724 0.8026 0.6563 0.004441 7.689e-06 0.691 0.861 0.5273 0.7994 0.05638 NA 0.04541
"FREM3" 0.8584 NA NA NA NA 0.5141 0.4642 NA NA NA NA 0.7256 NA 0.04543
"PIK3CG" 0.5165 0.5724 0.7012 0.06808 0.1943 0.001525 0.004347 0.7717 0.4183 0.04794 0.5063 0.1704 0.7467 0.04571
"BSN" 0.4661 0.0622 0.03752 0.1044 0.09604 0.3998 0.2967 0.6203 0.9823 0.06876 0.8093 0.7537 0.6421 0.04585
"TRPC4" 0.7832 0.003188 0.8941 0.7988 0.5075 0.6044 0.6938 0.5531 0.06018 0.9268 0.9162 0.1406 1 0.04618
"DGKI" 0.606 0.4392 0.7461 0.7913 0.508 NA NA NA 0.6909 0.1238 2.7e-05 0.5953 NA 0.04626
"DUSP27" 0.2979 0.7633 0.5593 0.3692 0.7281 0.06806 0.28 0.5396 0.488 0.01287 0.8332 0.0952 1 0.04629
"PCDHA7" 0.5947 0.7927 0.6774 0.7812 0.5295 0.8756 0.8431 0.8896 0.01696 0.0593 0.4547 0.9459 NA 0.04632
"WDR96" 0.06808 NA NA 0.5358 NA 0.6578 NA 0.3844 NA NA NA 4.692e-05 NA 0.04642
"CEP170" 0.1669 0.181 0.09461 0.01334 0.2795 0.8505 0.8539 NA 0.1321 0.2454 1 0.4145 NA 0.04671
"WDR17" 0.7623 0.07796 NA 0.3308 0.3291 0.3972 0.3985 0.6462 0.7635 0.282 0.3156 0.4491 1 0.0469
"MCF2" 0.2975 0.03442 0.6833 0.6062 0.4851 0.7878 0.4786 0.5487 0.8482 0.6671 NA 0.1622 1 0.04706
"YLPM1" 0.1392 0.004303 0.002283 3.298e-05 0.03028 0.7737 0.4266 NA 0.41 0.02387 0.5449 0.3068 0.9098 0.04713
"PPP2R1A" 0.3794 0.6363 NA NA 0.4702 0.4115 0.4545 NA 0.4762 0.3926 0.3399 0.1392 0.006725 0.0472
"DMXL1" 0.3634 0.1899 0.3622 0.06423 0.1144 0.8634 0.5517 0.0002573 0.2467 0.3705 0.1923 0.7894 0 0.0474
"NOS1" 0.5241 0.6034 0.3908 0.07981 0.3097 0.001957 0.01215 0.00448 0.8864 0.7879 0.9151 0.7341 1 0.04751
"KIF14" 0.5494 0.05842 NA NA 0.2646 0.6788 0.498 NA 0.355 0.1124 0.6782 0.4444 1 0.04755
"ZC3H12B" 0.8884 0.8101 0.9475 0.3458 0.9135 NA NA 0.006745 0.6782 0.7473 NA 0.4889 NA 0.04763
"STAG2" 0.2972 0.1286 0.002007 0.006661 0.535 0.9903 0.9188 0.4716 0.1507 0.7909 0.9031 0.8885 1 0.048
"ENPP2" 0.0166 0.155 0.9065 0.8061 0.009898 0.5309 0.3986 0.7702 0.04648 0.1119 0.6658 0.8187 0.9231 0.04823
"TRPS1" 0.5615 0.24 0.007349 4.404e-05 0.4686 0.923 NA NA 0.3234 0.8357 0.9731 0.5221 1 0.04836
"ADCY9" 0.8739 0.6773 0.1993 0.04947 0.02744 0.4689 0.1693 0.7829 0.634 0.1827 0.7484 0.9281 0.8796 0.04878
"MAP7D2" 0.4572 0.006133 1 0.03339 0.208 0.5192 0.4718 4.371e-11 0.09301 0.7246 0.0685 2.144e-07 0.5238 0.0488
"TRIP12" 0.9526 0.002063 0.8932 0.5279 0.6845 0.7849 0.2661 0.4578 0.2694 0.01014 0.4861 0.6705 1 0.0489
"FLNB" 0.4659 0.0004688 0.8434 0.6393 0.8869 0.2803 0.003723 0.3715 0.6384 0.5645 0.5681 0.3457 NA 0.04892
"SRGAP1" 0.5864 0.7489 0.8032 0.7925 0.0006748 0.6273 0.9222 0.5457 0.3925 0.8628 0.8638 0.6621 NA 0.04901
"PCDHGA5" 0.3918 0.006623 0.723 0.5627 0.3599 0.4515 0.4594 0.07133 0.5454 0.5481 0.5532 0.3547 NA 0.04919
"CYLC1" 0.6565 0.3956 0.01796 0.0758 0.2986 0.763 0.6066 0.7824 0.2187 0.2783 0.2948 0.233 NA 0.04952
"AQR" 0.8937 0.7748 0.1342 0.2665 0.6385 0.8305 0.9468 NA 0.1166 0.9064 1 0.8032 NA 0.04953
"DLC1" 0.3023 0.6511 0.7202 0.9411 0.7877 0.5387 0.496 0.2479 0.007635 0.3594 0.939 0.6989 0.1173 0.04953
"ALS2CR11" 0.377 0.7903 1.47e-11 0 0.9552 1.19e-10 4.913e-07 NA 0.8513 0.7965 1 0.6932 NA 0.04973
"CARD6" 0.299 0.6605 0.001782 0.0001713 0.2653 0.1067 0.1238 0.7604 1.293e-09 0.7943 0.2341 0.531 1 0.0498
"SULF1" 0.00207 0.1524 0.8209 0.1552 0.4614 0.1214 0.2309 NA 0.5611 0.03191 0.0001009 0.5389 NA 0.04998
