"gen" "BRCA" "COADREAD" "GBM" "GBMLGG" "HNSC" "KIPAN" "KIRC" "LGG" "LUAD" "LUSC" "OV" "STES" "THCA" "UCEC"
"1" "ABCA12" 0.953897 0.709346 0.777157 0.394527 0.220571 0.908235 0.737753 0.496694 0.985233 0.13109 0.552835 0.267243 0.864777 0.048462
"2" "ABCA13" 0.867471 0.808148 0.554124 0.350857 0.385929 0.088882 0.660223 0.315727 0.104036 0.647959 0.209354 0.02755 NA 0.013103
"3" "ABCA5" 0.313022 0.158074 0.571584 0.136981 0.001902 0.912494 0.308172 NA 0.98638 0.569611 0.572313 0.040055 0.767554 0.088776
"4" "ABCB1" 0.302367 0.204539 0.501541 0.921064 0.213906 0.330702 0.245042 0.877747 0.6009 0.348786 0.483882 0.573604 NA 0.049165
"5" "ABCC9" 0.236291 0.226486 0.571818 0.666823 0.133296 0.428881 0.305955 0.440498 0.739945 0.042407 0.064724 0.024233 0.864777 0.219929
"6" "ADAM6" 0.734968 0.71157 0.736728 0.271532 NA 0.047878 0.007674 NA 0.801101 0.05522 NA 0.282653 NA NA
"7" "ADAMTS12" 0.414629 0.568935 0.039308 0.081546 0.655174 0.062824 0.05475 0.404545 0.000156 0.542399 0.516466 0.20343 NA 0.237105
"8" "ADCY2" 0.307845 0.886846 0.309799 0.972699 0.465869 0.250066 0.160087 0.001479 0.034697 0.628337 0.825405 0.542662 0.809682 0.422182
"9" "AHNAK" 0.295807 0.576502 0.051013 0.00015 0.005423 0.65056 0.201483 0 0.226994 0.760336 0.117581 0.156083 0.017378 0.050149
"10" "AKAP6" 0.69901 0.092809 0.034372 0.086126 0.814827 0.675798 0.498146 0.575066 0.709712 0.00138 0.863493 0.937099 0 0.040294
"11" "AKAP9" 0.791414 0.58745 0.819918 0.735315 0.39663 0.831217 0.648537 0.479966 0.345462 0.896267 0.885492 0.260269 0.809488 0.039568
"12" "ALPK2" 0.30728 0.766736 0.428883 0.424336 0.886164 0.225456 0.675374 0.372502 0.555417 0.281751 0.006029 0.045794 0.732609 0.172948
"13" "ANK2" 0.783056 0.269349 0.189912 0.932969 0.347092 0.708502 0.231572 0.59373 0.892736 0.003182 0.3247 0.786596 0.767554 0.077733
"14" "ANK3" 0.141226 0.83518 0.267821 0.434003 0.755159 0.397931 0.432561 0.335186 0.529381 0.073074 0.226846 0.147637 0.847239 0.018405
"15" "ANKRD30A" 0.359405 0.284255 0.581873 0.637861 0.353337 0.990236 0.760994 0.976251 0.041825 0.863439 0.057234 0.408232 0.809488 0.088389
"16" "ANKRD30B" 0.553665 NA 0.484871 0.894545 0.471166 0.692134 0.490095 0.183899 0.550998 NA 3.4e-05 0.454181 0.864777 0.022965
"17" "APC" 0.925199 0.479898 0.837879 0.295472 0.833922 6.6e-05 0.064201 0.023809 0.007819 0.118251 0.124251 0.188879 0.809488 0.011762
"18" "APOB" 0.55354 0.004588 0.583805 0.778241 0.078376 0.74322 0.813019 0.663362 0.766959 0.006087 0.324461 0.110395 0.702177 0.027841
"19" "ARAP2" 0.179058 0.502308 0.235851 0.093812 0.424382 0.402345 0.763336 NA 0.276852 0.646861 0.424923 0.342094 0.864777 0.049074
"20" "ARFGEF1" 0.796444 0.089426 0.525356 0.686318 0.897116 0.635869 0.387832 NA 0.640415 0.667703 0.185725 0.031599 NA 0.065531
"21" "ARID1A" 0.230413 0.158076 0.127433 0.07051 0.810403 0.981709 0.973177 0.297872 0.985874 0.875923 0.016589 0.009678 NA 0.002744
"22" "ASH1L" 0.859152 0.837044 0.572508 0.586942 0.182533 0.090232 0.116265 NA 0.022335 0.323079 0.000964 0.090806 0.803116 0.026342
"23" "ASPM" 0.585847 0.084835 0.031319 0.037499 0.022546 0.089017 0.156626 0.379328 0.456059 0.591036 0.622064 0.034173 0.809488 0.014915
"24" "ASXL3" 0.981727 0.895519 0.260334 0.09868 0.955788 0.022219 0.068569 0.496694 0.957591 0.640662 0.95213 0.862257 NA 0.039968
"25" "ATM" 0.301483 0.745861 0.624025 0.943889 0.673378 0.653801 0.254908 NA 0.39812 0.78083 0.869663 0.000935 0.675304 0.013971
"26" "ATRNL1" 0.005717 0.010936 0.847332 0.312391 0.444863 0.842587 0.896911 NA 0.796238 0.789552 0.132801 0.001585 NA 0.374006
"27" "ATRX" 0.069265 0.206973 0.190067 0 0.108769 0.208666 0.775261 0.803742 0.79788 0.126211 0.500083 0.074025 0.864777 0.011708
"28" "B2M" 0.557209 0.811685 0.001611 2.5e-05 0.829314 0.764169 NA NA 0.9644 0.003321 0.096729 0.003303 NA 0.601166
"29" "BAI3" 0.924396 0.91799 0.119511 0.768725 0.342526 0.869228 0.759268 0.631223 0.378204 0.536422 0.937395 0.519456 0.809488 0.024963
"30" "BAP1" 0.336212 0.686336 0.296786 0.352079 0.250786 0.000185 0.007535 NA 0.177351 0.634798 0.618389 0.364548 0.864777 0.471771
"31" "BCORL1" 0.166556 0.36408 0.104038 0.443532 0.240688 0.461284 0.364829 0.631223 0.025616 0.415977 0.6201 0.045708 0.864777 0.430494
"32" "BIRC6" 0.75386 0.655521 0.654545 0.423416 0.044352 0.90432 0.371463 NA 0.001234 0.915483 0.001704 0.14181 0.864777 0.004349
"33" "BOD1L" NA 0.129858 0.500491 0.070172 0.135392 0.106936 0.417904 NA 0.006491 0.146874 0.119464 0.06772 NA 0.032738
"34" "BRCA2" 0.624542 0.427254 0.006386 0.097847 0.102413 0.670545 0.987891 0.560609 0.501401 0.196254 0.888409 0.272406 0.799971 0.013148
"35" "BZRAP1" 0.932038 0.22891 0.535931 0.358009 0.998493 0.061095 0.39454 0.461815 0.318767 0.024601 0.857917 0.000638 NA 0.202586
"36" "C15orf2" NA 0.556745 0.760823 0.19449 0.560895 NA NA NA 0.043199 0.79493 0.23299 0.01984 0.864777 0.301666
"37" "C1orf173" 0.551606 0.720131 0.402093 0.598246 0.984634 0.487079 0.123176 0.148938 0.105956 0.89353 0.354398 0.037805 0.864777 0.139103
"38" "CACNA1B" 0.20941 0.000763 0.350111 0.966226 0.733807 0.010029 0.443964 0.404545 0.472935 0.456108 0.91506 0.038365 0.732609 0.084401
"39" "CARD11" 0.776441 0.927472 0.137647 0.362637 0.044112 0.012574 0.290235 0.508411 0.90103 0.33366 0.149748 0.042029 NA 0.654705
"40" "CASC3" 0.557209 0.680529 NA 0.638116 0.767311 3.3e-05 NA 0.038022 0.352912 NA 0.297764 0.0015 0.809488 0.362321
"41" "CCDC88A" 0.681684 0.160681 0.524162 0.310064 0.274964 0.852407 0.314018 0.496694 0.299423 0.300254 0.974345 0.095642 0.864777 0.04921
"42" "CCNB3" 0.73624 0.675108 0.626462 0.220375 0.636909 0.850519 0.830124 0.725267 0.523234 0.924735 0.194915 0.066679 NA 0.036711
"43" "CDH10" 0.336466 0.706878 NA 0.321241 0.082575 0.546403 0.799939 0.631223 0.409751 0.253376 0.859159 0.025567 0.864777 0.049752
"44" "CDH12" 0.01344 0.561142 0.402974 0.154417 0.355114 0.262553 0.183701 0.854366 0.6208 0.025688 0.47769 0.148525 0.80629 0.54267
"45" "CDH18" 0.734968 0.048643 0.463536 0.854545 0.551924 0.363727 0.581582 0.631223 0.021714 0.013663 0.37276 0.570237 NA 0.182349
"46" "CDH9" 0.210175 0.011625 0.250975 0.740657 0.192488 0.434438 NA 0.202589 0.755948 0.02951 0.874456 0.286864 0.864777 0.941692
"47" "CDHR2" 0.281648 0.627462 0.034338 0.004433 0.442706 0.435258 NA NA 0.892641 0.159429 0.220748 0.028584 NA 0.366265
"48" "CDKN2A" 0.728616 0.686336 0.790583 0.641863 0.022487 0.105469 0.365306 0.631223 0.786813 0.006633 0.491781 0.815405 NA 0.638811
"49" "CENPF" 0.853391 0.533215 0.395186 0.61883 0.00614 0.792313 0.992237 0.580826 0.178488 0.354901 0.13763 0.080096 0.809488 0.020137
"50" "CHD7" 0.489501 0.181361 0.792281 0.929175 0.647062 0.001658 0.080824 0.772589 0.510887 0.977629 0.746244 0.473794 0.864777 0.029452
"51" "CIC" 0.850336 0.328268 0.442088 3.3e-05 0.642451 0.175477 0.270527 0.462684 0.379678 0.657291 0.21049 0.4608 NA 0.150119
"52" "CMYA5" 0.059119 0.949751 0.373163 0.774727 0.339663 0.403961 0.174521 0.059054 0.014435 0.38171 0.353258 0.104831 NA 0.029832
"53" "CNTN6" 0.665495 0.878158 0.669448 0.522344 0.920499 0.892281 0.898304 NA 0.673681 0.456189 0.802889 0.03448 NA 0.059605
"54" "CNTNAP2" 0.923398 0.621714 0.619925 0.390242 0.340094 0.305694 0.305892 0.484474 0.222191 0.949017 0.639925 0.026281 NA 0.052532
"55" "COL11A1" 0.820295 0.288501 0.181522 0.415788 0.405695 0.715338 0.749 0.631223 0.015836 0.967182 0.036352 0.760399 0.864777 0.546119
"56" "COL12A1" 0.225061 0.608374 0.705013 0.626169 0.632764 0.468617 0.369839 0.631223 0.612615 0.633628 0.010283 0.016615 0.809488 0.03435
"57" "COL24A1" 0.373499 0.366008 0.382943 0.535813 0.641799 0.087025 0.291038 0.631223 0.550127 0.289599 0.01521 0.017023 0.809682 0.126382
"58" "COL6A6" 0.899111 0.532527 0.052217 0.003586 0.778557 0.036443 0.036374 NA 0.315728 0.037305 0.895917 0.010841 0.839069 0.081784
"59" "CSMD1" 0.299929 0.081105 0.717554 0.258776 0.648513 0.521331 0.525897 NA 0.333422 0.571696 0.679044 0.153356 0.00216 0.005048
"60" "CSMD2" 0.298687 0.379052 0.871748 0.767966 0.401893 0.124377 0.275472 0.467628 0.215026 0.116344 0.338863 0.05566 0.606807 0.028386
"61" "CSMD3" 0.081347 0.272538 0.149547 0.487596 0.18465 0.300803 0.56458 0.963859 0.205768 0.708053 0.88203 0.341041 0.702177 0.015284
"62" "CUBN" 0.958336 0.505654 0.194804 0.776977 0.492321 0.292585 0.694661 0.335186 0.91318 0.33302 0.08054 0.042622 NA 0.064633
"63" "CUL9" 0.322998 0.697341 0.253422 0.342569 0.726771 0.735818 0.592094 0.631223 0.82401 0.035345 0.164528 0.377258 0.864777 0.030145
"64" "DCHS2" 0.849729 0.411539 0.418422 0.587523 0.625365 0.010753 0.724292 0.335186 0.546397 0.459818 0.758247 0.968209 NA 0.01156
"65" "DLGAP4" 0.306619 0.571295 0.34145 0.855573 0.155814 0.819079 NA 0.631223 0.003968 0.691011 0.402313 0.042162 0.864777 0.313889
"66" "DMD" 0.78351 0.692606 0.456893 0.102681 0.283628 0.939747 0.553767 0.151235 0.740072 0.839752 0.063933 0.035421 0.864777 0.148567
"67" "DMXL2" 0.30056 0.129746 NA 0.594292 0.207311 0.871694 0.841836 0.579391 0.301157 0.312674 0.572993 0.427325 0.767788 0.023018
"68" "DNAH10" 0.961507 0.26537 0.742201 0.862066 0.373464 0.107753 0.234934 0.149038 0.863729 0.24702 0.835836 0.178216 0.732876 0.045341
"69" "DNAH11" 0.249699 0.514399 0.656589 0.847279 0.085727 0.082847 0.264423 0.16979 0.256366 0.384948 0.127272 0.065503 NA 0.037741
"70" "DNAH12" 0.614922 0.488996 0.16555 0.011172 NA 0.679688 0.73414 NA 0.734147 0.445451 0.895589 0.730995 NA 0.018489
"71" "DNAH14" 0.418968 0.235045 NA NA NA 0.757383 0.607644 NA NA 0.499307 NA 0 NA 0.028574
"72" "DNAH17" 0.175962 NA 0.204168 0.517808 0.830225 0.127846 0.154056 0.127484 0.157483 0.089548 0.131773 0.564321 0.809488 0.047476
"73" "DNAH2" 0.076486 0.089605 0.204175 0.006509 0.715089 0.009887 0.101627 0.632588 0.068252 0.007239 0.129107 0.9851 0.767554 0.002737
"74" "DNAH3" 0.640456 0.752908 0.032591 0.366358 0.858608 0.845259 0.715856 0.496694 0.494329 0.88982 0.607806 0.077279 0.809488 0.00314
"75" "DNAH5" 0.079251 0.900962 0.374165 0.124963 0.001907 0.812401 0.503715 0.837678 0.464804 0.107029 0.244829 0.043235 0.732609 0.035702
"76" "DNAH6" 0.718493 0.491948 0.671463 0.634739 NA 0.555344 0.637193 0.782113 0.413121 0.952747 NA 2.2e-05 0.864777 0.036375
"77" "DNAH7" 0.657082 0.219759 0.445297 0.695001 0.295541 0.696447 0.422124 0.560719 0.521524 0.025806 0.563698 0.092865 0.864777 0.001686
"78" "DNAH8" 0.758926 0.916287 0.249142 0.332464 0.164854 0.41359 0.428079 0.001976 0.402284 0.603159 0.357841 0.001137 0.702177 0.006399
"79" "DNAH9" 0.078993 0.385306 0.045022 0.572415 0.979819 0.631063 0.418475 0.974227 0.101772 0.883895 0.530127 0.101672 0.568574 0.006307
"80" "DOCK10" 0.743252 0.224523 0.126893 0.601008 0.213342 0.108832 0.565747 NA 0.066531 0.699137 0.469281 0.393233 0.864777 0.028986
"81" "DOCK2" 0.263266 0.813524 0.493537 0.925877 0.923924 0.364972 0.161017 0.631223 0.592507 0.342232 0.71139 0.756779 0.809488 0.049013
"82" "DOPEY1" 0.93451 0.046684 0.174909 0.289118 0.076275 0.741654 0.731715 0.631223 0.000925 0.27279 0.482947 0.516761 NA 0.048659
"83" "DSCAM" 0.607225 0.283843 0.109172 0.288326 0.533525 0.949984 0.301068 0.532803 0.479447 0.156367 0.697669 0.036935 0 0.897642
"84" "DST" 0.537416 0.333277 0.066428 0.76503 0.168813 0.352905 0.400461 0.334673 0.853138 0.273955 0.285481 0.194219 0.767788 0.001127
"85" "DYNC2H1" 0.394578 0.580195 0.647818 0.520881 0.57279 0.162993 0.399843 0.339681 0.793527 0.331482 0.411123 0.710975 1.8e-05 0.01033
"86" "EGFR" 0.371476 0.552788 0.009437 0.001352 6.9e-05 0.000518 0.010041 0.000778 2.8e-05 0.805684 0.548406 0.29864 NA 0.25717
"87" "EPHA3" 0.403072 0.597255 0.039457 0.113788 0.406431 0.87946 0.403963 0.72021 0.007997 0.979696 0.944954 0.076722 NA 0.152513
"88" "ERBB4" 0.163088 0.030409 NA 0.275693 0.248959 0.838196 0.812811 0.631223 0.541059 0.648935 NA 0.028678 0 0.074879
"89" "EYS" 0.518032 0.69642 0.062613 0.275693 NA 0.511786 0.762467 NA 0.526203 0.01576 0.611063 0.080633 NA 0.028935
"90" "F5" 0.928564 0.499441 0.46247 0.161025 0.58492 0.922501 0.437895 0.72827 0.527063 0.167393 0.538921 0.740985 NA 0.020032
"91" "FAM135B" 0.800115 0.295808 8.5e-05 0.093487 0.202118 0.80979 0.372107 0.260032 0.146814 0.359644 0.984359 0.010863 0.809488 0.122492
"92" "FAM75A6" 0.323757 NA 0.054136 0.001609 0.132666 0.890127 0.874064 NA 0.025754 NA NA NA NA 0.269792
"93" "FAT1" 0.698612 0.532854 0.024251 0.837718 0.001515 0.383095 0.416265 0.404545 0.109702 0.006903 0.722445 0.005418 0.864777 0.000652
"94" "FAT2" 0.444689 0.8272 0.611019 0.691775 0.129959 0.303802 0.153124 0.551645 0.645753 0.774135 0.609719 0.056013 0.864777 0.009714
"95" "FAT3" 0.125302 0.001284 0.977989 0.054908 0.227541 0.941359 0.266642 0.135339 0.487911 0.605387 0.76919 0.887108 0.732609 0.630832
"96" "FAT4" 0.678877 0.612992 0.932238 0.822905 0.739699 0.550622 0.766439 0.981687 0.121543 0.758555 0.239575 0.005036 NA 0.003393
"97" "FCGBP" 0.21546 0.415596 0.468881 0.614158 0.006746 0.271574 0.998222 0.340335 0.268284 0.606778 0.210233 0.033807 0.767554 0.028691
"98" "FHOD3" 0.186877 0.861306 0 0.251633 0.025525 0.000203 0 0.533624 0.866401 0.211758 0.723538 0.006619 0.864777 0.103788
"99" "FLG" 0.974139 0.044296 0.927869 0.011916 0.096564 0.29378 0.889444 0.000144 0.78892 0.829307 0.991158 0.001604 0.75981 0.30865
"100" "FNDC1" 0.746465 0.865154 0.220037 0.025733 0.925847 0.30934 0.331283 0.059054 0.8382 0.91186 0.501326 0.254704 NA 0.049208
"101" "FRAS1" 0.859384 0.682176 0.128834 0.524352 0.154654 0.186647 0.899585 0.893076 0.509395 0.003033 0.314521 0.13141 0.864777 0.045672
"102" "FREM2" 0.541248 0.988053 0.593785 0.262795 0.338968 0.862996 0.952339 0.557715 0.160297 0.601726 0.32081 0.720856 NA 0.045373
"103" "FRG1B" 0.043192 NA 0.204918 0.29067 NA 0.000788 0.230449 NA 0.91228 NA NA 0.91994 NA 0.506118
"104" "FRY" 0.270781 0.59655 0.234452 0.162942 0.110643 0.713051 0.587172 0.470291 0.048242 0.063131 0.236662 0.046809 0.732876 0.094504
"105" "GCN1L1" 0.144756 0.217604 0.115885 0.086924 0.241121 0.052274 0.717891 0.631223 0.068671 0.6802 0.904675 0.03753 0.732609 0.10939
"106" "GLI3" 0.856525 0.156874 0.699266 0.581832 0.725754 0.379635 0.76671 0.148938 0.729474 0.546947 0.13689 0.024378 NA 0.130792
"107" "GPR112" 0.989829 0.056046 0.641617 0.084203 0.000603 0.572186 0.87095 0.018412 0.211393 0.0339 0.059938 0.485492 0.767788 0.003714
"108" "GPR158" 0.30782 0.670474 0.694714 0.252736 0.130079 0.216262 0.230449 NA 0.890335 0.240017 0.688341 0.319478 0.864777 0.046174
"109" "GPR98" 0.817376 0.822327 0.008388 0.000388 0.313545 0.53831 0.527317 0.081753 0.10076 0.177393 0.653629 0.385274 0 0.036218
"110" "HEATR7B2" 0.660982 0.022024 0.344793 0.015869 0.724395 0.443573 0.48228 NA 0.556469 0.761156 0.859137 0.16172 0.864777 0.044854
"111" "HECTD1" 0.955693 0.41295 0.481156 0.715783 0.453701 0.26424 0.734739 0.502807 0.036473 0.559288 0.860516 0.028736 NA 0.12975
"112" "HERC1" 0.246408 0.135454 0.285252 0.916346 0.213673 0.005256 0.259348 0.384545 0.159007 0.644748 0.381321 0.608453 0.864777 0.018485
"113" "HERC2" 0.150521 0.238578 0.387041 0.847356 0.693457 0.217405 0.997806 0.404545 0.001934 0.329434 0.447905 0.060381 NA 0.009448
"114" "HIVEP1" 0.201457 0.013699 0.249358 0.356298 0.814421 0.786693 0.961149 0.631223 0.452645 0.615505 0.315059 0.004395 0.864777 0.035131
"115" "HMCN1" 0.683385 0.93076 0.480927 0.293153 0.655572 0.058063 0.016927 0.41781 0.452864 0.380334 0.777809 0.039216 0.675304 0.009237
"116" "HUWE1" 0.687578 0.589067 0.82892 0.109966 0.350388 0.133635 0.5561 0.093692 0.687433 0.233427 0.937797 0.229732 0.809488 0.002256
"117" "HYDIN" 0.460085 0.24796 0.264703 0.544373 0.618347 0.970021 0.315215 NA 0.76297 0.181208 0.085032 0.029302 0 0.007595
"118" "IDH1" 0.594126 0.488996 0.045124 0 0.434727 0.435258 0.32828 0.050314 0.908884 0.407819 NA 0.235681 NA 0.423179
"119" "IGSF10" 0.115737 0.260459 0.38883 0.256883 0.353239 0.77467 0.439918 0.496694 0.290714 0.37208 0.263541 0.045067 0.864777 0.062977
"120" "ITPR1" 0.804231 0.456499 0.086935 0.812385 0.181495 0.179875 0.32828 0.621517 0.225838 0.043329 0.1319 0.32761 0.809488 0.01796
"121" "ITPR2" 0.078714 0.869816 0.5526 0.794241 0.371861 0.682188 0.964969 0.470418 0.729795 0.882972 0.719256 0.02781 0.014307 0.046588
"122" "JARID2" 0.497659 0.180565 0.571206 0.792135 0.229308 0.34778 0.381044 NA 0.698522 0.275929 0.317201 0.025598 0.809682 0.152797
"123" "KCNH7" 0.675874 0.40564 0.393344 0.616356 0.210965 0.504458 0.535619 0.631223 0.606393 0.140811 0.38226 0.021191 0.864777 0.323953
"124" "KCNQ3" 0.498168 0.027012 NA 0.697372 0.746718 0.666419 0.454927 0.675742 0.010128 0.543566 0.426513 0.018609 NA 0.158821
"125" "KEAP1" 0.555803 0.054278 NA NA 0.097665 0.847535 0.122283 NA 0.007446 0.782462 0.736865 0.893311 0.864777 0.758491
"126" "KIAA0947" 0.075458 0.227446 0.267105 0.641718 0.006616 0.193076 0.230449 NA 0.014677 0.672295 0.221269 0.355862 0.809488 0.037191
"127" "KIAA1409" NA 0.042597 0.688934 0.797729 0.704138 0.102094 0.298235 NA 2e-06 0.337438 0.698097 0.026629 NA NA
"128" "KIAA2026" 0.487059 0.057102 0.795179 0.295204 0.349833 0.298846 0.515355 NA 0.563651 0.971889 0.571855 0.152256 NA 0.049265
"129" "KIF20B" 0.734808 0.592172 0.833769 0.460509 0.243554 0.37761 0.610318 0.631223 0.838798 0.108732 0.297764 0.654474 NA 0.035865
"130" "KIF26B" 0.780067 0.310311 0.003425 0.822088 0.931201 0.638002 0.340048 0.496694 0.291671 0.979268 0.624513 0.01002 NA 0.271529
"131" "KRAS" 0.53502 0.1365 0.442369 0.313981 0.10891 0.532658 0.490095 0.631223 0.430661 0.210109 0.000605 0.00741 0.732609 0.079635
"132" "LAMA2" 0.486845 0.28196 0.19615 0.693739 0.564836 0.944019 0.867621 0.099427 0.020101 0.530188 0.404033 0.068046 0.820087 0.175259
"133" "LAMA3" 0.98372 0.803926 0.066277 0.244685 0.587281 0.90227 0.867768 0.515029 0.351803 0.910792 0.794255 0.004735 0.809488 0.191615
"134" "LCT" 0.431319 0.656269 0.837062 0.014608 0.865733 0.000169 0.003985 5e-06 0.062154 0.625752 0.380822 0.04572 0.809488 0.155017
"135" "LOC100287226" NA NA NA NA NA NA NA NA NA NA NA NA NA 0.035994
"136" "LOC643677" NA NA NA NA NA NA NA NA NA NA NA NA NA 0.000246
"137" "LOXHD1" 0.679279 NA NA NA NA 0 0.000769 NA NA NA NA 0.492365 NA 0.035345
"138" "LRFN5" 0.452651 0.754858 0.671842 0.203737 0.804857 0.142378 0.182775 0.461815 0.79795 0.012569 0.355735 0.252644 NA 0.143959
"139" "LRP1B" 0.908405 0.236079 0.127426 0.163707 0.220372 0.684811 0.577168 0.98465 0.00476 0.177095 7.7e-05 0.595938 0.809488 0.003798
"140" "LRP2" 0.288258 0.57041 0.256497 0.287407 0.55498 0.483805 0.809131 0.120097 0.055232 0.976129 0.802887 0.028485 0.864777 0.00101
"141" "LRRK2" 0.663972 0.584161 0.08367 0.049204 0.017159 0.150298 0.898414 NA 0.840905 0.13625 0.172835 0.046744 0.864777 0.019875
"142" "LYST" 0.177249 0.709518 0.23149 0.019125 0.15571 0.132248 0.164577 0.059054 0.591099 0.783774 0.26742 0.001181 0.809488 0.051531
"143" "MACF1" 0.864938 0.398621 0.354206 0.826674 0.667244 0.051387 0.114807 0.606683 0.14032 0.745412 0.975652 0.064491 0.767554 0.003359
"144" "MAP2" 0.793789 3e-04 0.020361 0.001721 0.392036 0.556398 0.802807 NA 0.364475 0.611032 0.580453 0.149031 0.864777 0.051827
"145" "MBD6" 0.336438 0.108273 0.333338 0.890469 0.58861 0.108429 1.1e-05 0.728612 0.086994 0.344405 0.86415 0.018888 0.809488 0.775944
"146" "MED12" 0.881291 0.2509 0.908809 0.309002 0.15138 0.000166 0.022144 0.12072 0.440586 0.28897 0 0.474021 NA 0.022509
"147" "MED13L" 0.280587 0.758701 0.097092 0.001274 0.82038 0.503465 0.302518 6.5e-05 0.332489 0.040825 0.709611 0.249347 0.864777 0.039437
"148" "MGAM" 0.136316 0.891363 0.010491 0.000744 0.059467 0.962296 0.383378 0.202589 0.474314 0.024302 0.228125 0.024398 0.864777 0.03395
"149" "MKI67" 0.497829 0.719975 0.831052 0.713637 0.700777 0.314982 0.352307 0.762114 0.024267 0.016489 0.872704 0.278928 0.864777 0.018117
"150" "MLL" 0.662853 0.14045 0.856787 0.720197 0.26537 0.126747 0.133076 NA 0.621723 0.403575 0.278473 0.011295 0.673212 0.057587
"151" "MLL2" 0.984626 0.621519 0.244633 0.871464 0.009971 0.37443 0.313033 NA 0.511858 0.101581 0.862017 0.000293 0.809488 0.100143
"152" "MLL3" 0.078419 0.256918 0.582865 0.21328 0.642039 0.917956 0.68536 NA 0.202243 0.778147 0.195333 0.001453 0.65129 0.008006
"153" "MLL4" 0.574516 0.317861 0.213815 0.827 0 0.077874 0.209295 NA 0.782477 0.38918 0.496369 0.114863 NA 0.011882
"154" "MT-ND5" 0 NA NA NA NA NA NA NA NA NA NA 0.009138 NA NA
"155" "MTOR" 0.097942 0.912056 0.895906 0.23568 0.014537 0.000186 0.007825 0.464845 0.707898 0.914367 0.001661 0.318758 NA 0.039901
"156" "MUC16" 0.803652 0.963452 0.440313 0.028445 0.070983 0.831979 0.160454 0.10379 0.519932 0.722166 0.394246 0.016573 0.414587 0.00063
"157" "MUC17" 0.713947 0.596165 0.898262 0.06582 0.36538 0.037068 0.686835 0.23554 0.269807 0.329685 0.744588 0.001962 0.606807 0.013522
"158" "MUC4" 0.640538 0.256941 0.209962 0.569152 0.992956 0.152568 0.713114 0.567285 0.447067 0.01581 0.819532 0.822849 NA 0.045572
"159" "MUC5B" 0.373799 0.159872 0.181801 0.744928 0.030073 0.650696 0.704258 0.942771 0.782227 0.627879 0.37534 0.007654 0.650268 0.009964
"160" "MUC6" 0.457064 0.024895 0.182652 0.978807 0.657856 0.03032 0.895624 0.541638 0.584495 0.152797 0.417539 0.122983 0.809488 0.714967
"161" "MYCBP2" 0.136875 0.220647 0.162682 0.829991 0.34503 0.398665 0.211731 0.525396 0.825446 0.03484 0.406704 0.111967 0.767554 0.233188
"162" "MYH1" 0.126181 0.481456 0.539466 0.32105 0.410655 0.504871 0.668389 0.011036 0.000255 0.860085 0.557346 0.241839 0.732876 0.598687
"163" "MYH11" 0.755646 0.480093 0.944806 0.284745 0.058549 0.07816 0.312569 0.278081 0.175236 0.744811 0.597502 0.024939 NA 0.03419
"164" "MYH2" 0.677836 0.099737 0.582654 0.71146 0.250615 0.346674 0.278406 0.278958 0.048467 0.681438 0.72795 0.491426 0.809488 0.037914
"165" "MYH7" 0.986082 0.007524 6.6e-05 0 0.490689 0.633778 0.572651 NA 0.413181 0.431987 0.245383 0.446383 0 0.029623
"166" "MYH8" 0.564265 0.616337 0.145114 0.162766 0.049286 0.413036 NA 0.224815 0.307158 0.023997 0.895492 0.444255 0.809488 0.055522
"167" "MYH9" 0.612174 0.563807 0.566861 0.143321 0.18722 0.397823 0.738582 NA 0.351383 0.038502 0.299588 0.031296 NA 0.116236
"168" "MYO15A" 0.636338 0.568144 0.231979 0.507698 0.011414 0.167176 0.299861 0.951032 0.590649 0.677467 0.114666 0.027086 0.702177 0.045734
"169" "MYO16" 0.747876 0.882293 0.833093 0.736313 0.449605 0.43616 0.120391 0.631223 0.114674 0.872754 0.739913 0.229187 NA 0.036163
"170" "MYO18B" 0.390528 0.70038 0.727683 0.899963 0.153613 0.106238 0.62705 0.631223 0.500748 0.174911 0.626705 0.85519 0 0.028978
"171" "MYOM2" 0.222018 0.989626 0.599443 0.191781 0.943927 0.275526 0.917276 0.757401 0.850266 0.011766 0.498381 0.793352 0.732876 0.047979
"172" "MYST3" NA 0.382572 NA NA 0.377197 0.927351 0.591215 NA 0.530237 0.463299 0.629495 0.020148 NA NA
"173" "NALCN" 0.01652 0.312482 0.510531 0.031518 0.881655 0.958308 0.386949 NA 0.034043 0.210932 0.631272 0.102076 0.767788 0.052477
"174" "NBEA" 0.785677 0.050759 0.323687 0.633495 0.459158 0.750005 0.636054 0.745574 0.27111 0.81436 0.807992 0.163441 NA 0.00827
"175" "NCAM2" 0.496329 0.891162 NA NA 0.405312 0.600183 0.715133 NA 0.718289 0.987781 0.361787 0.224612 0.809488 0.049453
"176" "NEB" 0.15778 0.741462 0.570044 0.398353 0.004074 0.684064 0.671188 0.307818 0.509565 0.387694 0.21227 0.004959 0.809488 0.005682
"177" "NF1" 0.900271 0.315984 0.335918 0.469508 0.247241 0.808122 0.656371 0.000307 0.204921 0.912119 0.898619 0.403032 0.767788 0.028569
"178" "NLGN4X" 0.306342 0.498 0.80512 0.472852 0.632138 0.682279 NA 0.09603 0.105939 0.036985 0.138529 0.046333 NA 0.185101
"179" "NLRP3" 0.403772 0.454673 0.296717 0.682482 0.94688 0.027547 0.602086 0.512736 0.035926 0.568586 0.314863 0.399807 0.864777 0.121901
"180" "NOTCH1" 0.994031 NA NA 0.034709 0.000211 0.759597 0.853099 0.465861 0.649158 0.011711 0.118157 0.73953 NA 0.153717
"181" "NOTCH2" 0.95281 0.618197 0.498481 0.673115 0.158559 0.032401 0.011117 0.780633 0.15775 0.099621 0.805727 0.042554 0.864777 0.143723
"182" "NRG1" 0.446939 0.200291 0.182066 0.397543 0.690091 0.672433 0.719053 0.496694 0.35326 0.232033 0.856537 0.008407 0.864777 0.077979
"183" "NRXN1" 0.629288 0.410955 0.373053 0.90729 0.531393 0.356972 0.219019 0.631223 0.000359 0.011443 0.128719 0.002609 0.035202 0.127352
"184" "NSD1" 0.752035 0.453944 0.527457 0.540585 0.679832 0.060393 0.394064 NA 0.646071 0.815275 0.097855 0.014161 0.767554 0.304475
"185" "OBSCN" 0.623778 0.868737 0.11424 0.179674 0.068663 0.949365 0.370418 0.900674 0.697754 0.443145 0.507832 0.130976 0.030766 0.023992
"186" "ODZ1" 0.164764 0.77738 0.475086 0.562357 0.593069 0.006874 0.08356 NA 0.952102 0.451559 0.062526 0.00046 0.809488 0.357191
"187" "ODZ3" 0.440816 0.825401 0.175422 0.01081 0.636713 0.127522 0.341886 NA 0.389116 0.362599 0.354124 0.005648 NA 0.016438
"188" "ODZ4" 0.733338 0.903578 0.495325 0.042997 0.791356 0.216325 0.592349 NA 0.276371 0.089007 0.946816 0.020542 0.864777 0.019247
"189" "OTOGL" 0.312037 NA NA 0.275693 NA 0.338911 NA 0.631223 NA NA NA 0.384947 NA 0.01647
"190" "PAPPA" 0.167492 0.647629 0.55927 0.833637 0.682052 0.002248 8.6e-05 0.476189 0.159878 0.805421 0.17241 0.013968 NA 0.074261
"191" "PBRM1" 0.307949 0.967207 0.579776 0.923137 0.067186 0.005562 0.752898 0.060587 0.273266 0.732651 0.875151 0.217167 NA 0.391328
"192" "PCDH10" 0.146776 0.100956 0.832155 0.843665 0.60398 0.496119 0.685287 0.631223 0.285723 0.304081 0.198268 0.001598 NA 0.118861
"193" "PCDH15" 0.048444 0.367808 0.337531 0.760834 0.292379 0.509396 0.975296 0.631223 0.003152 0.230895 0.174212 0.073255 0.809488 0.020261
"194" "PCDH17" 0.368526 0.138877 0.640993 0.64328 0.375019 0.435258 0.490095 0.631223 0.389503 0.000175 0.433302 0.041462 NA 0.029331
"195" "PCDHA10" 0.830594 0.053595 0.972066 0.669954 0.333732 0.823586 0.751508 0.631223 0.576787 0.126551 0.237674 0.027527 NA 0.160155
"196" "PCDHA9" 0.999767 0.282033 0.529109 0.571882 0.885302 0.748366 0.300842 NA 0.864075 0.242581 0.002852 0.035217 NA 0.256166
"197" "PCDHB3" 0.447593 0.81493 0.410733 0.432207 0.813712 0.274501 0.587132 0.450969 0.090906 0.235905 0.297764 0.049721 NA 0.917355
"198" "PCDHB5" 0.376335 0.265008 0.589019 0.339579 0.316552 0.002294 0.752075 0.631223 0.001277 0.576821 0.735364 0.036406 0.767788 0.113873
"199" "PCDHB7" 0.788391 0.866317 0.542204 0.447873 0.747958 0.987643 0.703827 NA 0.400748 0.999084 0.034995 0.045118 0.864777 0.599131
"200" "PCLO" 0.584918 0.659716 0.330494 0.409825 0.30165 0.147744 0.10846 0.697311 0.183546 0.025112 0.047625 0.038212 0.864777 0.004581
"201" "PDE4DIP" 0.105155 0.692746 0.750463 0.095043 0.409506 0.735612 0.468095 NA 0.482126 0.126032 0.733138 0.044279 0.767554 0.023945
"202" "PEG3" 0.189811 0.307798 0.207032 0.298359 0.707522 0.398707 0.118647 0.150327 0.109851 0.93024 0.934429 0.736432 0.809488 0.044126
"203" "PIK3CA" 0.011175 0.008323 0.082391 0.432462 0.058561 0.428053 0.852179 0.972452 0.430313 0.011196 0.163174 0.022468 0.809488 0.023782
"204" "PIKFYVE" 0.76463 0.120905 0.238644 0.377718 0.833005 0.221063 0.726293 0.496694 0.027259 0.316373 0.000905 0.281416 NA 0.043939
"205" "PKD1L1" 0.018429 0.628616 0.008767 0.139011 0.882596 0.757667 0.870825 0.478577 0.002287 0.1254 0.455834 0.327086 0.809488 0.100984
"206" "PKD1L2" 0.566159 0.548516 0.204831 0.875248 0.511037 0.016015 0.127398 0.332599 0.871471 0.468451 0.135361 0.071154 0.809488 0.046413
"207" "PKDREJ" 0.966971 0.968898 0.71085 0.39172 0 0.43381 0.562312 NA 0.692692 0.34747 0.414882 0.021477 0.767788 0.401588
"208" "PKHD1L1" 0.671154 0.539741 0.654687 0.841634 0.542806 0.02658 0.008804 0.593665 0.433628 0.487413 0.033624 0.312404 0.000114 0.030257
"209" "PLCE1" 0.65603 0.975852 0.358717 0.598539 0.00056 0.133444 0.432543 0.530484 0.550768 0.009613 0.921971 0.098041 0.809488 0.029171
"210" "PLEC" 0.952887 0.419835 0.297124 0.325983 0.151977 0.213017 0.034176 0.929575 0.51607 0.229147 0.431013 0.041991 0.767554 0.074642
"211" "POGZ" 0.447573 0.967235 NA NA 0.715613 0.662227 0.933247 NA 0.801189 0.131175 0.001844 0.010863 0.864777 0.111219
"212" "PPFIA2" 0.218942 0.894085 0.34779 0.2508 0.177158 0.540452 0.000228 NA 0.0079 0.381993 0.41788 0.794168 NA 0.040885
"213" "PRDM2" 0.895608 0.698617 NA 0.449346 1.4e-05 0.220465 0.173619 0.631223 0.251477 0.933201 0.139594 0.009824 0.809488 0.123891
"214" "PRDM9" 0.355931 0.492456 0.693859 0.83812 0.777157 0.897005 0.568261 0.502149 0.451754 0.004103 0.290433 0.03908 0.767554 0.470528
"215" "PRUNE2" 0.936891 0.955861 0.015581 0.073445 0.594139 0.807556 0.756692 0.680843 0.000658 0.197433 0.503614 0.091201 0.864777 0.02747
"216" "PSME4" 0.375461 0.257504 0.624094 0.929183 0.841262 0.828712 0.62846 0.263605 0.659767 0.313772 0.909557 0.035596 NA 0.144364
"217" "PTEN" 0.556004 0.320725 0.005381 0.080838 0.665019 0.481813 0.807529 0.002749 0.024497 0.326886 0.635248 0.003996 0.767788 0.027751
"218" "PTPN23" 0.883951 0.24402 NA 0.275693 0.002492 0.03335 0 0.631223 0.228774 0.46098 NA 0.049127 NA 0.240281
"219" "PTPRJ" 0.6204 0.425103 0.679111 0.760813 0.372803 0.440563 0.291555 0.60954 0.391359 0.676634 0.010638 0.021743 0.864777 0.155698
"220" "PTPRM" 0.898022 0.024213 0.332819 0.519871 0.749641 0.69966 0.289301 0.496694 0.655604 0.540501 0.126449 0.004917 NA 0.11871
"221" "PTPRT" 0.270687 0.237451 0.992276 0.184016 0.188434 0.577607 0.352359 NA 0.860957 0.728024 0.706252 0.013748 0.809488 0.304008
"222" "RAI1" 0.446939 0.420402 0.807823 0.556795 0.097606 0.469142 0.341713 NA 0.739167 0.04633 0.721428 0.020774 0.864777 0.176161
"223" "RANBP2" 0.859717 0.569349 0.442088 0.190779 0.596717 0.920296 0.173916 0.502807 0.006522 0.77527 NA 0.000444 0.809488 0.132109
"224" "RBM6" 0.326974 0.371062 0.228879 0.257476 0.903592 0.078943 0.317413 0.745574 0.233125 0.840063 0.383446 0.01436 0.82746 0.893456
"225" "RELN" 0.962837 0.74937 0.477666 0.106578 0.043323 0.001217 0.019554 0.447665 0.916904 0.13916 0.216997 0.1616 0.809488 0.018549
"226" "RGPD3" 0.44277 NA 0.885578 0.10408 0.759029 0.953717 0.118697 0.166021 0.843448 NA 0.628772 0.000637 NA 0.048001
"227" "RIMS1" 0.367987 0.967024 0.081572 0.781082 0.718348 0.438285 0.676782 0.631223 0.635293 0.129267 0.99288 0.711313 0.864777 0.029315
"228" "RIMS2" 0.213358 0.942048 0.225713 0.379033 0.321694 0.771054 0.21669 0.042794 0.002088 0.67192 0.780668 0.529467 0.809488 0.255266
"229" "ROS1" 0.751627 0.126023 0.281751 0.852545 0.347489 0.505568 0.549334 0.481649 0.366914 0.107315 0.34324 0.047966 0.809488 0.132271
"230" "RP1" 0.852935 0.663747 0.246064 0.416571 0.041882 0.943029 0.931596 0.576364 0.004797 0.047077 0.646893 0.014665 0.809488 0.030774
"231" "RP1L1" 0.537447 0.250887 0.192873 0.447957 0.197507 0.224272 0.164509 0.496694 0.075702 0.16054 0.359765 0.037707 NA 0.069814
"232" "RYR1" 0.217628 0.550581 0.505959 0.967028 0.344699 0.326645 0.711844 0.229995 0.084896 0.040519 0.143192 0.039091 0.650609 0.009043
"233" "RYR2" 0.316753 0.604225 0.474208 0.041618 0.704271 0.174082 0.109044 0.052457 0.263391 0.086413 0.750576 0.136042 0.767554 0.040108
"234" "RYR3" 0.993593 0.076151 0.876859 0.237702 0.771191 0.567016 0.603075 0.397797 0.843082 0.027922 0.220053 0.669092 0.864777 0.033402
"235" "SACS" 0.543711 0.960933 0.682062 0.377069 0.692022 0.497562 0.621884 0.260032 0.402117 0.450869 0.692557 0.026312 0.809488 0.007993
"236" "SCN1A" 0.631735 0.168463 0.465077 0.610769 0.258453 0.081468 0.126548 0.14552 0.000115 0.916974 0.045948 0.175636 0.767788 0.049433
"237" "SCN2A" 0.115036 0.774902 0.581258 0.75509 0.654064 0.22373 0.137894 0.749004 0.857342 0.664663 0.346386 0.124288 0.864777 0.025399
"238" "SETBP1" 0.332685 0.227454 0.797205 0.368316 0.075566 0.734685 0.467891 0.148938 0.034579 0.696968 NA 0.609271 0.809488 0.528261
"239" "SETD2" 0.115415 0.697588 0.308869 0.398102 0.360341 0.01394 0.086722 0.404545 0.561481 0.48992 0.759726 0.329817 0.864777 0.046266
"240" "SETX" 0.622337 0.488538 0.944282 0.93695 0.140185 0.911935 0.948089 0.530565 0.1197 0.701663 0.395264 0.219724 0.767788 0.041513
"241" "SI" 0.321993 0.870045 0.811126 0.04494 0.055385 0.270647 0.591377 0 0.588269 0.001772 0.053225 0.524416 0.864777 0.030492
"242" "SIPA1L2" 0.26506 0.800027 0.723736 0.546136 0.279882 0.163433 0.17503 0.404545 0.57839 0.301026 0.91981 0.038065 0.864777 0.139403
"243" "SLC32A1" 0.728733 0.838477 0.910075 0.301795 0.000249 0.643286 0.131818 NA 0.908571 0.273273 NA 0.006845 NA 0.363305
"244" "SLITRK5" 0.610677 0.000786 0.66783 0.515852 0.087099 0.216262 0.165461 0.586913 0.116595 0.898393 0.809583 0.047808 NA 0.148818
"245" "SON" 0.899794 0.253272 0.844797 0.14554 0.540529 0.16662 0.393255 0.335186 0.699959 0.402005 0.607155 0.043675 NA 0.219915
"246" "SORL1" 0.939275 0.285005 0.15596 0.942527 0.491097 0.083764 4.5e-05 0.496694 0.000789 0.900394 0.053929 0.03261 0.864777 0.081349
"247" "SPEN" 0.040132 0.302443 0.825468 0.884325 0.664252 0.347621 0.624875 0.631223 0.084462 0.720625 0.359253 0.044519 NA 0.020973
"248" "SPTBN1" 0.491446 0.053565 0.257029 0.206409 0.797497 0.005359 0.018354 0.496694 0.704468 0.516879 0.656473 0.860914 0.864777 0.035974
"249" "SSPO" 0.912681 0.417504 0.856152 0.309924 0.472088 0.414427 0.742378 0.319398 0.231043 0.792283 0.757045 0.031448 0.809488 0.205048
"250" "STAB2" 0.639777 0.393844 0.957637 0.272553 0.158349 0.828618 0.900519 0.062932 0.539696 0.855275 0.196499 0.039961 0.732876 0.1856
"251" "STARD9" 0.181525 NA NA NA NA 0.741371 0.459821 NA NA NA NA 0.113003 NA 0.023523
"252" "STK11" 0.028571 0.936186 NA NA 0.182354 0.935896 0.809748 NA 0.044083 0.999943 NA 0.104038 NA 0.669838
"253" "SVEP1" 0.252092 0.858515 0.990732 0.990538 0.645242 0.644967 0.893108 0.367084 0.410374 0.271945 0.40683 0.032342 0.809488 0.047048
"254" "SYCP2" 0.349948 0.891604 0.61793 0.641079 0.495383 0.269106 0.540943 NA 0.548752 0.408406 0.680226 0.332423 NA 0.041922
"255" "SYNE1" 0.981484 0.031209 0.258831 0.175886 0.968185 3e-06 9.4e-05 0.570702 0.64541 0.431257 0.958282 0.148808 0.767554 0.000789
"256" "TACC2" 0.560466 0.797845 0.008187 0.095462 0.21379 0.577198 0.833808 0.031465 0.849024 0.315169 0.921253 0.309077 0.007555 0.044261
"257" "TAF1L" 0.494904 0.688779 0.859353 0.069268 0.560955 0.959452 0.482665 0.01182 0.019403 0.129289 NA 0.047901 0.809488 0.110133
"258" "TAOK2" 0.981934 0.559868 0.559955 0.574078 0.033896 0.090502 0.029097 NA 0.389334 0.500343 NA 0.008796 NA 0.425758
"259" "TECTA" 0.561602 0.630388 0.088124 0.332322 0.349975 0.012649 0.384108 NA 0.750888 0.351208 0.886749 0.028932 0.809488 0.422251
"260" "TET1" 0.20079 0.593441 0.012075 0.024348 0.678474 0.317262 0.040236 0.785346 0.09972 0.230345 0.660882 0.043122 0.864777 0.114599
"261" "TEX15" 0.914873 0.029422 0.880693 0.073358 0.113136 0.695775 0.828498 0.135339 0.028019 0.999461 0.714015 0.154324 0.767788 0.074856
"262" "TG" 0.719796 0.740811 0.186707 0.432152 0.302661 0.02075 0.171747 0.28127 0.966622 0.089954 0.718292 0.067265 0.343797 0.019601
"263" "TLN2" 0.606822 0.480078 0.08827 0.183082 0.84693 0.228594 0.589731 0.526888 0.936748 0.410336 0.07086 0.964216 0.809488 0.049273
"264" "TNXB" 0.003835 0.232432 0.398068 0.706983 0.515237 0.197209 0.946001 0.84117 0.55195 0.768039 0.085558 0.022615 0.732609 0.394988
"265" "TP53" 0.113456 0.436588 0.140346 0 0 0.291431 0.176769 0.671502 0.003035 0.219607 0.008266 0.0457 0.793775 0.671017
"266" "TRANK1" 0.240638 0.005108 0.31965 0.585318 0.010515 0.592957 0.929538 0.487466 0.260812 0.00563 0.844419 0.01276 0.809488 0.149609
"267" "TRHDE" 0.461035 0.457533 0.229342 0.889884 0.975039 0.007802 0.534001 0.514908 0.245975 0.794997 0.916308 0.023333 0.767554 0.419298
"268" "TRIO" 0.170908 0.329511 0.001151 0.000859 0.144512 0.15605 0.396874 0.763349 0.001658 0.20767 0.002594 0.246831 0.000654 0.039017
"269" "TSHZ2" 0.35426 0.729772 0.075807 0.00083 0.509328 0.338627 0.230449 0.498833 0.845395 0.437305 0.854682 0.000651 0.864777 0.165943
"270" "TSHZ3" 0.495545 0.904459 0.365663 0.124753 0.536897 0.472053 0.088955 NA 0.677239 0.541154 0.8871 0.021144 NA 0.07738
"271" "TTN" 0.762772 0.045 0.001657 0.96279 0.001941 0.139088 0.542248 0.746859 0.074201 0.829434 0.065148 0 0.016402 0
"272" "UNC80" 0.171914 0 NA NA NA 0.602755 0.312762 NA 0.015779 0.393149 0.349653 0.231041 0.864777 0.015978
"273" "Unknown" NA 0.038845 0.898665 0 NA 0.002491 0.4693 NA 0.744324 0.063202 NA NA NA NA
"274" "USH2A" 0.253006 0.772708 0.253781 0.865358 0.619113 0.546465 0.604841 0.317835 0.758186 0.161479 0.716145 0.015244 0.767554 0.000337
"275" "USP9X" 0.604832 0.125561 0.153919 0.960606 0.781358 0.548315 0.886513 0.347861 0.903433 0.464101 0.297764 0.048923 0.042017 0.021376
"276" "UTRN" 0.191748 0.289657 0.098051 0.754956 0.997777 0.69662 0.780467 0.841443 0.792835 0.729998 0.046684 0.007242 0.864777 0.017645
"277" "VCAN" 0.115672 0.791838 0.622752 0.590646 0.440836 0.627075 0.929971 0.409001 0.011196 0.508249 0.831063 0.549105 0.864777 0.020557
"278" "VHL" NA 0.69226 0.38883 0.421581 0.456949 3.5e-05 0.481898 0.631223 NA 0.485855 NA 0.374301 NA 0.601166
"279" "VPS13A" 0.408326 0.489848 0.921501 0.867968 0.201204 0.573259 0.399073 0.631223 0.292496 0.422914 0.457298 0.004791 0.864777 0.02837
"280" "VPS13B" 0.94805 0.126184 0.085428 0.039965 0.098503 0.108063 0.214886 0.918446 0.502579 0.697109 0.839279 0.031162 0 0.023671
"281" "VPS13C" 0.147059 0.298391 0.90957 0.860497 0.026045 0.582297 0.666366 0.246491 0.118418 0.476542 0.275341 0.743154 0.809682 0.020573
"282" "VWF" 0.046239 0.820645 0.487204 0.170046 0.470245 0.564842 0.190625 0.631223 0.532938 0.817959 0.328983 0.002577 0.767788 0.635649
"283" "WDFY3" 0.282213 0.899479 0.582045 0.891162 0.378841 0.594722 0.355101 0.052663 0.233333 0.533331 0.825697 0.010203 0.809488 0.092884
"284" "WDFY4" 0.475014 NA NA NA NA 0.558589 0.819846 NA NA NA NA 0.00385 NA 0.023989
"285" "XIRP2" 0.518279 0.814183 0.963892 0.103396 0.299751 0.884189 0.836455 0.683395 0.328369 0.323071 0.350256 0.284963 0.864777 0.033087
"286" "XYLT2" 0.513916 0.674831 0.036662 0.001955 0.040309 0.471835 0.676096 NA NA NA NA 0.027328 0.864777 0.423179
"287" "ZC3H13" 0.002249 0.29192 9.5e-05 0.000844 0.366184 0.303137 0.984144 0.712197 0.132601 0.086592 0.215701 0.047006 0.799971 0.090422
"288" "ZDBF2" 0.940052 0.425183 0.916285 0.976113 0.612973 0.213632 0.539304 0.404545 0.599675 0.695588 0.826675 0.070933 0.864777 0.027668
"289" "ZFAT" 0.474168 0.826115 0.16934 0.688822 0.000373 0.189277 0.732351 0.496694 0.557068 0.866227 NA 0.035522 0.864777 0.120709
"290" "ZFHX3" 0.098496 0.883881 0.443558 0.89803 0.190092 0.841162 0.437365 0.140705 0.911554 0.683199 0.08955 0.248365 0.143547 0.025275
"291" "ZFHX4" 0.135743 0.271048 0.627884 0.685267 0.336524 0.523748 0.918298 0.404545 0.10837 0.016769 0.037213 0.148578 0.938091 0.000767
"292" "ZNF208" 0.850395 0.775187 0.146543 0.92405 0.288342 0.539737 0.23418 0.60954 0.040112 0.092523 0.226652 0.144716 NA 0.102982
"293" "ZNF292" 0.512291 0.43694 0.534633 0.838716 0.86078 0.906853 0.570695 0.764611 0.162063 0.282676 0.08639 0.329778 0.864777 0.020365
"294" "ZNF43" 0.770667 0.214779 NA NA 0.969443 0.065567 0.166044 NA 0.524597 0.02125 0.60279 0.015332 NA 0.116902
"295" "ZNF462" 0.948592 0.246104 0.539116 0.115993 0.200186 0.397923 0.592607 0.772589 0.853281 0.043013 0.329355 0.107698 0.864777 0.026147
"296" "ZNF676" 0.335957 0.367233 0.545489 0.593254 0.123627 0.737726 0.138953 0.631223 0.087298 0.017507 NA 0.887496 NA 0.293868
"297" "ZNF804B" 0.023302 0.165218 0.405516 0.556509 0.001588 0.583371 0.966398 0.514908 0.007798 0.387459 0.429211 0.385326 0.928694 0.258547
